INDEX VIII.

(171511)
458, 9591. 959· 464, 599· 6115111 3895 3991.
Α 111284, 995 265, 991 288519 298999 315, 559
559111 ad 1³06. 111 336 337 Romanum reg·
num 0959954. 1 168599·9 add. Vad Proap.
1496 519 19515. A 11 459, 915 63191. ΠΙ
385 8991. A 111 298519 59191 ΙΙ ad Bed. 111
336 337 - Romana 99919915 Ham. I 270, 59.
9999989858ῌΜ9ἣψ.
1418951 418999 418555 418591 428599
428599 428559 429, 515 438959 448559 458
5955 4589959 461, 9999 4689999 435, 5999 466,
5959 470, 5999 473, 9599 478, 5999 bis 430, 5959, 55
015452164899 650, 59 65859 65895 660,
599 11191. 11 15, 95 1855 1859 19, 55 2891
28595 28955 38999 38999 115551161,
1999. 595,9 65, 9999 67, 9995 73, 9599 74,
9999 78995 78, 9995 6899968959 69, 4599
989999 989999 989999. 5995 99,595,5
192, 595 6559. 11 160, 5959 Voce. Τ. 11 188959.
9599 190, 959. 995. 991 192, 999, 1. 999 195, 599
198599 199, 595,9 203, 5599 204, 559 151. 11
218, 5591 218515 217, 595,9 (11191. 111689
V. 011513 111 108, 59. 99 11991. A 111 298595
306, 599 308, 599 308559 310, 555 318595 314,
559 318595 add. ΙΙΙ 55 6951. 111 343 115·
manae 9991951919955.) add. Vad prosp. 1496
Romane 99919519 19497, 1541 91119915. 11 342,
26 555.1151119.515.11493,5.9 Romanus
, episeopus Proop. 1455, 5999 7594. Τ. Π192,
9999 198999 200, 599 v. 14 202, 5599 203,
555,5204,551,9205,559,9 199115 111306, 519

episcopi Romani (pl.) 0195. 354 1 138, 599 119(

manus 99555999 Vm. Τ. 11 184, 995 186, 959
Romanus 1559995991 4599411559. 11 104, 5584
7459. Τ. Π 164, 991 185, 959 55911519155915995
1195599595 Viot. T. 11 199, 140,1 200, 5489 papa
Romanus Ayn. 1 333,41 1155.Π236,447,5
8119919. 11 342, 99 350, 55 35195. ΠΙ 16895195
1985 Romanus pontifex Proep. 14689999
- 5111995555 urbs p. 680 sorum Romanum
94 porta Romana 59999155 portus Romanus 9.
Ρ954955 urbis 11999559 p. 677 - 9519595955 Chr. 354
1 66 inser. 146, 21

Romanus (919594.) An. Vae. I 322, 61b1'4 326¹, 95
5915111 551 19. 19991. 113901999415114 599 Lat.
115991. 111 413 ,9 *Romanus (= 1195559511
6795. 5111658555

8595551111) 0959594 189,99 9819 985955
98, 999 107, 595, 59 109, 999 137, 559 0195. AL
1108991 128,991 0115. 35411489 1481·
95 147,91 146, 95. 59195 511911 5510553541
15859 0959511 169, 9911μὴ 181, 995 519. 999
168959 05999. 05595. 1 205, 555 237, 9599 242,
595,9 2485199. 9599 245, 599 015. 19599151
218599 217,195,9 221, 51 235, 5599. 5599 240,
559, 9 599 Ham 1 268, 55 59. 99 269, 95. 95. 95.
59. 55 27859· 338, 59. 99 3389595. 99 13551. Ι
278991 147655.ΑΙ274,9 4951921
336, 95519 An. 1⁷01. 1 32859195 324,51328

(11106114111104. 681

(Roma)

95 328, 59 Prosp. 1 394, 959. 159 395, 959. 959
396, 959595 397, 999. 959 398, 999. 995. 999. 955
398959. 959. 999. 995. 995 400, 959. 951. 159 401,
959. 919 402, 995. 991. 959 404, 595. 995 995. 999 405,
599. 995 5. 9 406, 955 428595. 599 424, 599 451,
9955 4689559. 9959 591917511Ρ55φ. 1 496 8115.
15189 6795. 511 1 635, 995 638999 638999.
955. 999 638995. 959. 955. 955 bia 640, 559. 559661,
599 055. 452 1 65815 6585959 65895. 995.
995 7199. Aq. 1 729 591111 5917159 491
73815 95914111 740,99 1105919.Ι747,501
1a66.p. XI (port. 3) Hya.1114‚1.³ 15,1.
99 (51 16, 91 2899 28999 23, 951 27, 959. 555
28, 555. 955. 959 38595995 31, 999 38999 34, 955
35, 245 36 quinquies 11559. 11 63, 592 9. 11 75,
995, 9. 9999 76, 9999 80, 9999 86, 9599 98959
989599 989995 98599595 97, 599515 96,
599, 99 108595 102, 595 Am. 14959. 11 106,
599, 5 107, 595,9 108, 591, 5 515 0595. 11 122, 95.
99. 95 128595 138595 148959 157, 9955 161,
9559519 Vm. Τ. 11 1889595 186, 9599 188,
919,5 192, 999, 9 198599, 9 198595 201, 5999
206, 551, 5 519 1519. 11 218559, 9. 9. 5599 213,
519, 5. 519, 5 214, 555, 9 195. 515, 9. 9 215, 591, 9.
555, 5. 519,9 218599, 9. 9 217, 595, 1. 595 218,
595, 5. 5999 219 5. 91 220 v. 11. 59195 In. 5159.
11 2689915) 2685. 95. 99 278519 271, 99. 99.
55 27899199 (51. 59 (5) 273, 91519915199 274,
515). 5151. 9155). 59. 5915916) 276, 9 277, 5151.
9915) 279, 99 29899 2989 295, 55 2985 301,
14. 95 56511551 155191. 11 304, 9591. 99
851181. 11 31895195 319, 99 320, 99 Scyth.
B. Π 318, 95 595. 91. 99 320, 99515 6131911
3989995955 3385 33899 33895 338, 55
339, 99. 99 34899 34895 34899 3489959
355, 59 35891 0. 111519. 11 3389 396, 99 339,
95 340, 99 3489999959. 343, 5959559. 345,
99. 99559. 34859. 59 599. 35855. 55 mq. 351, 51.
59 my. 5559559. 3589999591. 95. 59 my. 357,
95. 99551. 35899. 59559. 368995 Pe. Ie. 1. 11
37895 3889 3885995 3885955495 3889
15599519 36819 366, 95 quater. 11 387, 99555
55941255 Ι9.199’54. 1138819914 390,15)5 19.
5195. A 11 448559. 959· 446, 519 450, 999· 451,
955. 959. 995 452, 991 453, 999 477, 999· 476, 499.
999 479, 414· 19. 51511 11 450, 999 451, 995.
545 458454 478, 255 aad. 11 9997159195. 11
4989 498595555999 5591175085 69191.
1112899 3899385599 8859 mum
Π195,55 11795955. 111 14812 Ν95955. 1111. 111
14899195 14899 15859195 1589. 5. 5. 95. 95
156, 99 162, 11. 19 163, 5. 119 164, 59 163, 59. 99
169, 9. 9. 95. 99. 99. 59 170, 4. 5. 99. 95. 91199. 99. 99
1789 35159. 1111489 1589 1585. 95 162, 5. 9
163, 5. 59 1685595 166, 99 168919. 9. 95. 99. 99
168511. 59. 59 1785. 99. 95. 99 1785 Bm
111 261, 19 267, 959. 995 268995 278559 274,
999 275, 599 278, 955995 278999 280, 955.
95158959 281, 959. 959 288999 301, 959. 919

81·

 

