1010101000010108 1001411001.

333333334333.
3133133133 (a. 333-433)

ommam.

411041)Πὸ (3. 395—4oe)

Honorius 03333. 033133. Ι 9443343 946333 946, 433 Arcadius 0333. 03333. 1 944, 333, 1. 333, 3. 3331 Otr.

F. 71311.4 1 997, 333 998, 313. 331 3336. Ι 998, 333
, Η3333. 1300411 4931303133 Ρνοερ.1461,1131
463, 3133 4641333 466, 1333 466, 1343 46813330).
1333 4691333 4701333. 1333 3163111 ad Proep.
1 401 3331 IV 499,3,1. 3. 3 336. 74961341. 1333
add. VI 498,000 8373. 159313 1133131. 1699,
33. 31 630,3 0611469 I 66033 666, 33. 33 668, 31
Otr. 511 1 661, 333. 334 663, 333 666333 669333
Ρ. 033313. 1 0401 33141. I V 341 1031. Aq. 1 756, 433
Hyd. 11 16, 10. 10 (3. 6) 16,33. 33 17,33·.44 18, 33.
34. 33634 19, 33· 90, 33. 00. 33 Marc. 11 61, 3333 69,
3331 63, 333 64, 334, 1. 333, 3 05, 000,4 69, 433, 1 333
70, 413. 411, 3 71, 413, 3. 434, 3 76, 433, 3 76433, 3.
434, 3 033311 164, 1134. 3133 1661131. 11331333 13.
hist. 11 979, 33 (3. 6). 33733 (6) 973, 3( ). 3)3 (6) 974,
00 97613. 33 976,3 977,3 1313611 3833333
13. chr. 4 11470, 333. 333 471, 371 13. 36316 11 471,
343 13. 13. 3133. 11 501,000. 005. 011 11364111 300,
400. 433 433 309, 433 Β31. Β 111 999, 331 300, 333. 333
633. But. 111 369, 143. 343 633. 773339. 111419 qm
1101. 111 417, 33. 33. 33 633. 1333. ΠΙ 499, 34. 33 633
Mal. 111 437,3 ’0363333 063. pasch. 1944, 3333 Lat.
41. 111 441413. 33 Ὠνόριος 0631333313. 1 946, 339

Maria (uxor Honorii) Marc. 11 69,433,1

Thermantia (uxor Honorii 314333) 1113331169,

4331
11331613 (3333111333311) vid. 0333133633 111

3333333 Attalus Prosp. 1 466, 1333 467,1334.1333
4681333 Dent. Val. 1 630, 13 Mare.
11 71, 433, 3 661 Attalus 8031 693, 33
Constantinus 03313. 031333. Ι 046, 413
Havn. 1 300, 411 Prosp. 14631333
466, 3343 6173169333 Dom. Val.
¹ 1630,11 063. 469 1664, 33. 33. 33
Hyd. 11 18, 33 Marc. Π 70, 411, 3. (3)
(7311343133(611113031331331331131)Ρ33313.
14001343 3333139331 61333.
ΙΙ 70,411,3

Gratianus Sin. 169333

Heraclianus (3313333 4131333) com. 033333.

1946433111 Proep. 1007,1040 063. .

469 1664, 33 Hya. 11 18, 33. 33 Marc.
11 71, 413

Iovinus Ηαυη. 1300, 413 Ρ33φ. 1 467,
1331 803. 1 693, 33 11333 731. 1 630,
33 063, 439 1 66433. 33. 33 11311. Π
18, 31. 34 Maro. ΙΙ 71,413,ι lovi·
311113 Gom. 033133. Ι 946, 410¹’,1 -
idem 13113333 3313333 03334. comt.
1946, 3331

Sebastianus (133133 Iovini) 03333. 033334
1 9464139 Ham 1 300, 413 Protp.
1 467, 3333 0373169333 17331134.
1630, 33 6733.4691664,33 Hya.
11 18, 31. 34 Maro. 11 71,413,1

pann Ι 944, 333, 1. 3333 F. 7631164 Ι 997, 333
3336199733 Proup. 14611131 4631133 404,
1333 466, 1334 3364117 341 Pro1p. Ι 490,0,1.1.0
add. VI 498, 333 499, 333. 433. 434 silv. 1 693, 33
Dan 131. 1 699, 33. 31 6³01 063. 469 1 360, 33
669, 33 Otr. 6131661, 500. 504. 333 663, 343 add. IV
ad Vnt. Aq. 1 750,111 Hyd. 11 16,3. 14 16, 33. 33.
33. 33 17, 43 90, 33 61333. ΙΙ 61,333,3 69,333,1.
331, 1. 3333 63, 333 64, 333, 343 66,333,4 66,
333,3 67, 431, 3. 43333 68,434,3 69,433,3 73,
413,3 76, 431,3 83, 433,ι 0333111631143 164,
11341133 166, 3133 13. hin. 11 979, 13113 (3). 33( ).
nn) 973,3(3. 6) 97433 97613. 33 977,1 13.
chr. A Π 470, 339. 005 mnu 13. 36311 31470,
333 63364 111 999, 431 300, 433 309, 433 13611
111 999, 051 333. 11 ad Bod. 111 340 633 Theou.
111 419 3133333 1161114173. 33. 33 6311333. 111
499, 13 634. 6136. 111437,3 63346111 449,13
469,13 464,13(6) Archadius aad. V 331 Proep.
Ι 4961313 1136111733· 1313363. 11 601, 333.
333. 333 631313 111 300, 333 Lat But. 111 369, 141.
140 *Arcadiae (3331.) 1736 11 16, 31·
thermae 4333313333 nid. Constantinopolis 1‘00
13141. VIII
1711113313 (uxor 43331111) add. VI 311 Ρ33φ. 1499,
433434 Hyd. 11 16, 33 Maro. 11674333 68,
434,3
43331113 (6113 43331111) 61333. 11 81, 444,3
1133311113 (6113433366) add. VI 33 1333311499,
333 61333. Π 66331
Mariua (6113 413366) 6133331167, 4331 83, 4433
1313113313 (filiu 43331111) 3. 6133313333

 

