688
459,1111 cham 1640111 111111 1126011
1111111310117337 6111116 (111,11196,
11 901111 107,111,11 110111 Sarmatae 11111
0111011111. I 230114

Sarmatia 011111.Δ 1901011 111,111. 198,

11, 11 0111011111230111
cf. Sauromatae

8111111111 castellum 111111. 11 1001111

8111111111 7711 Τ. 1] 190111 Ich. 11 2101101 0.
311. 11 33011 33011 33011. 11011. 11 33011 341,
11111 34011 34011 1111111. 11 351, 11 35011 357,
11. 11 3501135011 0. 13111. 113301 33011 339,
1134011 351,11 35011 35011 35011 1. 11 367,
111 31.01.Π373,11374,11.1151·1 11111.Ιὲ cd
11.11·11.11389,(0)1 111111 1143011 aad. 11
11111.111·.ΙΙ493,1 11111. 1175001 11111111
310111 31011131 320111 321, 111 Saraceni
OmenA 1 107,111, 11 1101111111 Proaep. 1 38011
17111. 11 80, 111,1 1111111111. 1110011111 0.
1711111343, 11 35011119. 85011 35011 c. 11 353,
11.11.11361,111 360111 Ep. 01. 11 37011 cdd.
1111711.1111.11494,111“1 11111175001011505,
1711· 81111111]οωῖ 01111111 341, 111119. 811-
1111111 Chr. A1. 1 101, 111, 11 8111111 111. 110111
8111111111 (111511.) 01111. 1131111 8111111111
015111. 11 35011 36011011

, 81101111 ccclesia V. 01111.4111104,11

sasima 61111111 77111. Τ. Π 180111

81111111. Saxones

8111111 11. Saetabis

Sauromatae 011111. A 19011 Prcap. 1422, 111 0111.
11110111 §acrobatae Gener. A 1 97, 11, 11 0111111.
1 1601111 8111115111 01111. 1 97, 11, 11 11811-
111111

Saxone· 111,111-Ι 65011 660111 011. 111 1 661,
111 0111111501111 1111.11236,111,151“1 231,
13111 11111.ΙΧ11Ι1.711“11.11380(1)1 acal?
111 111111. 11 503,1 5001ὂί1 (11111.1Π38,11
Ν111.ΙΙΙΙ43,11 1101200111 Ν111.1“111.1Π143,
11 14011 14011 154,11. 11 15011111 17011 111,1
176,11. 11 17011 1801111 187,1. 11 1801 1801.
1,1 1901 19012001 2001 81111. 111 147,11
15011 16011 172,1 176,11 189, 11. 11 1901 199,1
20012001111 311114 111 300111111 300111
Β111.ΒΠ1309, 171 11111111 Bed. 111339 8111111
1111.ΙΧ 111 Ic. 11111. 11 390, (h) 11 811111 111390
(1) 11 cs. 3111111111

0110οΒΔΡΗΙΟΔ. INDEX VIII.

811111 0131109301 111,111 111111111Π890,
(1) 11 11. 111114 11 410111· 8111111111οΠ
2101111 2101111

scotti Proop.1 4701111 011. 119 16401 add. IX
11 11. hiat. 11 389, (1)1 390, (1) 11. (3) 11 0171 111
3011 0111111. 111 14011111 151,1 15011 1801
1111111.1’111111143,11 147, 11 1501111 156. 11. 11
158, 11 160111 16011 17011 171, 111 180111
Bria ΙΙΙ 147, 11 154,1 15011111 1501. 1. 11 165,
1,1 1601 1701 17011 194,1.ι1 1901 197,1
20011 17111113. Paria. 111 3201111 220111
31111 [11300111300111 310111 51111717. ΠΙ
426,1427,11 81111111 1911111 111 300111 8111111
11. 299, 111 300111 Secti 0111. 111 3011 Nem
1111111501

§cotia V. 0111 Β 111 107,110011

81111111 gens 3111 III 310103,

Scupi (oppidum Dardaniae) Scupua Marcu 100111, 1

Scythae 2111111420111 011111140111 111111
11268,111(1).11 2901111 111111 11 43011
Ic. 111. Β Π 43011 Bria 111 161,11 3111 A 111
25011 8111111 Scyth. Β. 113101 3101 31011
32011171 321, 11 310311125011 8110181111.
01131011 32011 513110111111100111,
11 107, 111, 11 111,111 0111111. 1 160111 811111
(Ionem 1 901011 scythi 0111, AI. 1 91,11,1ι
107,111,11111,111 8111111171.105,111 11111111
011111.31105,11 1111111 011101131011
3101 316, 11 3101131011 31011. 11511 32011.
1132011 Exite 103101 11116113101511319,
11. 11 32011 331, 11 1111111 (111.1171111)1“1.312,1
31011 317, 11 32011

81111111 priores 01111. A 1 100111

Scytha 17111. 11601111 901101 101,111,1
(1.5) 1111111. Π 272,11(1).11(9)

Scythia 01011117. 1011 1011 011111.14198,
1011 0711.141.198,11,11 111,111,1 com.
0111111243,111,1 8171. I 53011 11111111
156, 11 Ν1111.1·111.111156,11 8110118110
Β. 11 316, 11 31011 319, 11. 11 8111111111 ib.
317, 11 Exitia 81111. L. 11 3101 31011511
31011 hic 32011111

Scythia inferior 8171. 1 540 1,1

Scythicus (adj.) 11111. 11 94, 111,1 gentas Scythi-
cae 15. 601111 60111 8111111111 gantos Bcd.
A 111 290111 viri Scythici 1711111. Im. 111 157,1

Scythicum Euxinus pontus 111111. A 11 431, 119

1111111111 (111.) 11111. 111 111 111,111 111, 11 6111111οΗ01ῑῐο1οῐῑω Gener-B 1 10011
011111111111118101111111111701 11111111 &accolimus Gau-11 ¹42, 111

(1111111111111111 11. 111111 111111 8111111111·-111111111403111 Be& Α m 2⁷8·
Scallabis Hya. 11 30111 111270111297,111 add. 71111 31111Π838 81-

81111111111 (fluvius) 011111. A 1 112, 111, 11 811111111- bssfi‘ ufb' ΜΝ· ΠῙ 429,I1
drus chr. Al, 1 112, am, ,2 - sepulchrum Iohannis baptistae 111111 111 290111

acchera 111,111. 11 11111 1111111111.111,1 5011111110 (Colchidifl) 011114 1 111,111 011· Al·

8111111111 insula 11111. VI ad Prcep. 1 490171 Ῑ ῙῙῙι ¹⁹⁹
8111111. Hyrcani 81111111 Oeneae. 1 161, 111

8111111 0111111. Ι 16011 8111111111 8111111111 N. 0111 I 5901

81111151 c. Ichthyophagi Segestaricrum civitas N. 0111 1 6101

§ciri An. Va& 1 808 1819111191 8111111111 1573 ( 0111.) 81115111 Pa. Ι1. 11.
scitha, 81111111 111. vid. 81111111 11 3801

 

