680 03068413104. INDEX VIII.

ww
add. IV 111 7111. Aq. 1 758415 1111141. p. XII
0. 111111. 11 34814 350, 55111 add, VII 4111 11. 11141.
11376611 Ρ1.Ι1.5.11 88844 3885111 38815
38411 4111.111314.411.Π 502 4511145.
pamm 21811 3184 ΙΠ 278151 11114.ΙΙ1111
1111111937 1514111343 *Romam saluo pro
41115551 Sam. 1308541 Roma 41151411. Constan-
tinopolis

— urbs Roma Or. 054114. 1 815 ezr. 364 1 7814
1441 Gom. 051444. l 245, 559 Η111414.1 270, 41 339,
14 411.2111.1314,44324,45 81141518111545
(11111111) 11451751. 1 6381 Chr. 511 1 648454
Hyd. 11 24115 28145 32, 441 11111511 70, 415 71,
411 01411112845148444 11. 11141. 1118814
351414. 113781 11. 111114 11458441· Rem
11129815 318545 adast ad 313111336614
337 urbis Rome add. 171111 315411. 1 4981541
urbe Romae add. ΙΙ ad 3541. ΠΙ 340 5155351114
1111. Mat. 111428, 45 435, 55 cf. Portus 114515 Romae
cupra p. 677

-1454111411411115431545.1414,454 418545 434, 451
439, 545 479, 1555 41141. Marc. 11 104, 5141 vau.
41158111 148545 147, 544 17111. Τ. 11 186, 455
11. 5141. 11 275,5(6) 2981 Is. 151. A 11 459, 4414
468114 4411111744 14. chr. 11 5085 31841Π
286, 545 298555 308, 511 Romane 1151435145.
11 384, 11 1154114511 civitas 316. A 111 319, 514

—- urbs 01.054444.Ι7,158,11.11514.11 05113541
14811 148, 5. 45 0111441188444511 198551.
444·. 511 196, 544. 545614 Gom. 041111. 1 229, 411
2381541 Η114.1304455,4 33814 11115541
307, 445 309, 4141 An. 11411324, 51 511. 51 Proep.
lmmfflmmmfflfflfflmfflm
454, 1554 4781454. 1115 514 4785151151 484, 1145
5. 5. 14. 14 adem] ad 3151141 489, 55 49851
3171. 1 547, 45. 41. 14 0111511 1 637, 411 648545
641, 415 111141Ι 1111161141. 1 7384 1411111114
(4445111. 1). p. XI (511114) Hya. 11 17, 45. 44 28151
Marc. 11 62, 5541 78415 102, 555 4111111411. 11
105, 5144 611111112854 128111611 132, 455 138,
555 148444 148541 1581411 161111, 11 188455
14. 11111. 11 273, 14 (a). 45. 44 (b). 44 (11). 44 (a), 41 (6)
275,1(5).15234,1 Pu. 11. 11. 1138814 Io.
chr.A 11 448114 3184 1111118114 268144.
114 268145 278141 280, 455 300, 455 5414111114
41814 42811 ab 11154 44511114 31411411. 1 181, 444
115511. 1 299, 455 441131111131545. 14181 silv.
15281 0111511 1638144 638454 11511 1116,
51· Ρ4.14.14.Π381,1 14. 5141.4Π499,145 add.
I V ad 14. chr. 11 5085 3144. A 111 268125 282,
151 ad urbem 5551111445 651.6111635,145 411515
conditae Marc. 11 91, 4181 aeterna 111511 546

- (Romulea Urbs V. 61111. A 111 9815)

Romanus (adj.) GerunB 1 9815 Chr. 3541
1444 14814 3111141. 1 182, 415. 451 511 Gonu.
051111. 1114111 Ham. 116811 1141514.41
30841414 33814 33814 ,1111414458
4141511 411. 1741132451 415. 133814
33815 Proaep. 1408111 403, 145 511 408151

fflw

407, 144. 544 408144 424, 415 425, 455 438115
438, 115. 511 4581551 4581145 4681115 4781114
4881444 4881511 48411814 43817αά11481
496 801.1518,11)14.11 520114. 1549111
550141· Dm 1111451414 63810 0141. 511
1638141151 641, 154 644455. 451 658541
67114511 65845 652, 51 654, 45 658114 660,
111 1411111 511 1551. 45173815 5411817755,
154 Hyd. 11 144 19, 45 28115 28151 28114
(1.1) 38144 38444 Marc. 11 60 45 63, 445
51415 77, 4181 98, 514,1 108514 102, 555
103, 511. 515. 515 41111. Marc. 11 107, 544, 4. 4.
545,1 Gau. 11 12845. 44 123, 55 128151 128,
414 134151. 515 137, 555 142, 444 144445. 144
14851131 154, 1444 1581115 1681415 1681114
1511. T. 11 195, 511614 198114 201, 541. 545.
5444 204, 454 1411. 11118181 213,5u,1
214,545,1 2185441 216, 545,1. 141,ι 217,
4541 1141.11296,544,1.544,1 238155 Io.
5111. 11 278511114 278416) 2781151) 27811.

45 277, 4. 5. 14. 14 (b). 44 2981 291,1. 11 292, .

14. 15 2985 30841 6451111. 11 318, 41. 14
611153. 11 31841 114441. 11 3384 33811.
14 33815 81155113381 3381111 33815
Ep. 0111137811 Pa. 115. 113781 381,4 3885
quinquies 383,54114111.155111“11514“14 38414514
36811 38811 11. 111. A 11 453, 411· 475, 555·
4781441· 478411 480, 4111· 11114111 1111111711.
11 493‚⁵ 49415 11114117 5085 1414151.
11508415 31131529, 14 30, 14 32, 4. 14 384
3445 381445 8811 8815145 V. 61134
1119844 61111. 1111484 5111111155111147,
411551 15455 1151 5154 111 144,
114115 268145 278115 278545 280, 455 303,
414 bis - Romana gens 411111. 11 984181
oica. 111 4811 31144 111 308554 populus
Romanus 0583811481 1484 05144. Gom&
1218415 An. 7111132414 326, 44 8114.1
5281 11111414.Χ(1115144.7)111111.Π 881181
0511.Π128,114 138441 Ρ1. 14. An 3881
316. A 111 318, 551 455484555514148115) Ro- ,
manus 414. Va1. 1 314, 44 324, 55 Proep. 4481,
1151 v. 15 Romanus 54541114 4944. 1 336, 45
Romana 151 publica Vnct. T. 11138444 201,
545 Iob. 11 212, 554,1 213, 5441 Mar. 11237,
1544 111144 11 4784144 add. IVad
11.154·.Π 504,4 Romana 141 puplica Lat.
Mal. 4114181 451 54451155 Romano 51447.11
ad 11. 151411 4941 Romanum imperium 111141.
Ι 43051354 1 15854 (1111111118411
114411. 1337, 4 Pronp. 1418411 470, 1441 add.
11515411. 14981114 8115. 1 522, 51 547,
14 6711.4521660,115 11511. 11 141414 28,
145.145(11)11ν 32, 115 38141 361. 15 Maro. Π
61, 5144 0111513854 149, 555 1581451
Mar. 11 235, 514, 4. 515 11. 5141. 11 268, 14 (5)
2781 30811 8451146. 11 31814 8341. 11
33811 33814 34441 Pe. 1171. 113884
3885 38411 8151. A 11 453, 454· 454, 551·

 

