676 GEOGRAPHIOA. INDEX vm.

Pergamum (nm) 1111111111 affl 1111 1111111111 1111111111111,
35111 11. 1111 11 451111 111. 1111 amal. 1 161111 0111. 0111111
1161131111 228111 011111 1611111 641111 1111111

Perinthus 111.11.1109,111,11 1161610112 7141111 11111111111011111 111 11
1101111111 cfiflomlea 2111111 011111. 11 33111 83811 lo.

Peme 1111111111 11111..1111,11111,111,1. dm 1143111· 31111 11111111 111
1111 1011111 108111 1111111111 (mmm 1111 111 42111

89,11 0111141 1 121111 6711.3141140,1)1.11 Persicus 011.111111.1285,111,1237,111,1 Gom.
14811 11111111 01113541 1511111 amal. 0111111111,111210,111 m 11111111
116811 1811111111 111111111228111 Perusia 1111111111. 11107,111,1

230, 111111 2881111111 286,111,1238,111,1 Petra 1111111111 1111111 981111

2481111 0111101111. 1239, 11111 2411111 Ρ1111Ρ111111114911.1336,11 Ρ1111111111111( Muct-
11111. 12611111 111111127811 111111· 11111111011111

1 398111 338111- 111 409131 ⁴3⁶2 ⁷⁹¹ 440, Petrocoriorum civim N. 1111. 1 1111111
111.111452,1111.1111458,1111 1511111 11111111 Poucodis υ. Pium
Prosp. 1 4811 1111152111 54111 chr. 5111 thtonv.1⁴¹mthon

ffifflmglffij {¹⁹'7ffm6'443j ἵζ’, Hffl ³⁵²9} 1111111111 micum proauum 1111. 11 111, 11

111, 1. 111 111. 111111 1111111111.Π106,111,1 107, Phffl ¹²· 3¹0¹⁸²¹ffi⁸
1111 01111112811 148111 148111 1511111 Phasis Fui· fluvius 011. 1411111, 111 Ρω111161111111
111, 111 111111 1111111 111. 11 111, 111111 Gener· A 1 111111 111111111111311111· 11
2181111111 214, 111, 1111 215, 111, 1 216, 1111111 33111 ⁶f· ffiffl
217,111,1219,111,1 Ia. 1111111111 811111.. Philippi Or. 011111. 1 9,1 1
11 3111111 31111 3111 31111111· 11111 31111 Philippopolis 11111. 11. 11 111, 1111 1111111111 111.
32811111 62111 6111111. 11611111 3111 1111641111 0111Π 141111
111, 111 11111 1111111 1111111 11111. 11 11111111 1111111111. o. 1111111911 1111.
33113311-1111131111111 3311134111311, 11111111 11111111 amat. 1 111111 111111
11 σ.1111,1.11111,1.1.1111,11111111111 341, mo Phil.
1181111 368111 111111111111111111 Ρ11111111Ρ11111111 811114 111 26111 11111111
111111 389, (11)1.(1)1 390,(5)2 11111114 11 0111141. 1111111
48811 44111111 4581111451111· 461, 111· 462, 1111111111 111111126811 Philistiim 11111
1111. 11111 461111 461111 4611111. 111· 466111· 11 38111 Filistiim (111-1121108111
4681111. 111· 475,111 478111 4711111111 11111. 1111111111
B 11462,111464,111418,111 1111111111. chr. 11111 Ρ11111111111111111 Ν111.1111.Η1157,1 1111111116-
11492 49111 1111115011 111111111499, norum 11111111Ιὸ11
111 86111111481111) 11111..4ΠΙ269,111.11111’1 Ρ11111111111101111.11109,111,1 011111109,
270,111.111. 111 271111 271111 278111 271111 1111
291111 291111 805,111310,111.111311,111 Bed. Ρ1111111111111111.) 011.1411111,111,1
Β 111 275,111.111 mm 11111 ad Rea. 111 Ρ51111111(111·11) 1111111 (1111111181111 Punice
337 898 1111111. 111 42811 1111111111111, 011. Al. 1 106, 111, 11 11111111(911.)011111184,
11 428,11 111111 Π1 44111 4581111111. 11 111 1181111
Perse (= ·11) 0. Hinp. 11 3381 Persi 0111. Δὶ. Phoenicia Foenioia 01111, Gom. I 2481111
1101111 1081111. 1111 1011111 108111 Hm. 11111111 111114 111 301111 1111111 011111
133811 38111 111 [12111111 1111111286, 1106, 111, 11
1111 1111111 26811 1111113111 11. Ρ1111111111φ1)011111111166,111168,111 111-
1111.14 11 478111Ι 1111111 aa Ιε.1111·.11430,1 1111101111.141107,111,11 (11111111. 188111
Persis (= 111.) M A 111 271111 211111(-τ-11) 1161110112 99,11 1011111. 111,1 1111111
011364 114111 Ρ1111111(·-;-111) 111. 11111111 6111111011111 11111111011111101,
42111 Penus (= 111) 011111 128111 129,111 11111 11111111 ib. 99,11
Pom Proep. 1443,⁹1s(b) 7111 Τ. 11 200,111 11111111
1111 1111111111111115011 Bam Phrygia 111.11111.1211,111 2381111 111φά
ῙΠ 3101539 42811611) 11111111881111 Frygin 0111. 111
Persis (qen. 111111, 111-1111111, 111-1111) (11111114 102, 12³‚s omn, comt. Ι 2411111 Proaep. 1 455,
11081111 0111111181111188111 Silo. 1111 4581111 4581111 1111119111 3111. Α
152811 6111111. 11111111 0111111195, 111 291111 111ςί1 01111..11102,111,1 Proop.
1184811111 1111.1711111.111.11504,1111 14281110) 011. 5111641111 8111111818,
1911 Δ [11291111 310,111.111 111. 11111111 11 811113. 11311111
11111 ad 11. 111. 11 494‚8 ahl. 1111111111 Frygias 1111118111. I 54111
omem 1108111 3111111318111 - Per· Brygia 11111111101111.011111. 1 2411111 Chr.
1161111311,1111.111111,115131)011111..41 111112111111 1111111111 -

 

