INDEX VIII.

[1144414 N 6411. 1 589, 44 4]

114444444411414 urba 114. 04. 11 374,14 (114441.)

mum 444. H 44 44. eur. 11 444

Nicaea (1111544144) cur. puoch. 1 223, 111 240, 4544
241, 444,1 1144411 95, 4441 om. 11 152, 4144

Nicea 0441404444. 1 240,444,4 1411292444
Pmp. I 449,1414 457,1144 11441. 1 ΙΠ 315, 444
819, 444 Niobea 6144111 1 643,441 4414111441
Reum 337 11144444 urbs 14444. 1 422, 544 cau.
11 141,m 1414 ΙΙ 219 v. 14 4111144441

1114444444 4444111441 14. 4141 11 465, 541 11144-
num concilium 6441. 1 1Π 295, 415 11144444
synodus Proop. 1 442, 441 1144. T. 11 185, 444
197, 544 141. Π 219 4. 11. 11 14. chr. 1111
465114 11144144 synodus 44141. IV 441 164414.
1154444 1441. Β 111 295, 444

111444414141144 111444444414 Gom. 04444. 1 241, 444
topographia:
forum (1144141441) om. pasch. 4114144
1114445414 add. II 441 Rea. III 338

1114444114 Or. 04444. 1114 Proup. 1424444 441,
444 4501444 4521444 614.5111635,444 643, 444
Nare. 11 81444 Ome. 11 141, 444 1501441444

1514444 mmmmm 4414111 4411441111
336 14414441. III 422,4 Νικομήδεια our. 444441.

1 223, 444 229444 290, 444 2314444 295, 4441
Νικομήδια 11. 230,145 239, 451,4 111454414ᾱί4
cur. 511 I 643, 414 4111144411441411444
11144444644414 episeopus Prosp. 14521444 11144-
memiensis episeopus 14. 414. A 11 466, 444. 444·

1644444οά4444 414114411144411441414414441 6444. 64441.
1 299, 444

Nicopolin (Epiri) 644411 134, 451 14414. A 11461,
444 1114444114 1144111 III 289, 414

Neapolis (114441441111444411141144 11444. 11 99, 4144

1114444114 (Palaestinae, ‘quw prius 1144414444) Ome.
11 145, 414 11441. A 111 289, 444

Nilus (flumen) 04444. A 1 95, 44 103, 444 111,444,4
01411. 195,44 103, 444 111,441,4 61144411

366,1m 361144 11441 111 254, 44 280, 444 114144
644444. Β 1 95, 44

Minu 114144 Nilus Rubra 614111. 1 102144
fluvius 11454444 Gener. Β I 102, 41 Bubus flu-
41414 6444441. 1 1611144 1144411444 quod 441
Rubrum Ι644444. A I 102, 144

cs. Goon

11144144 644441. 1 198, 544. 444 Nineve 11. 164, 44114
193, 444 444. Nineven 4444444144 1114144441

644441. 1181444
Ninivitis propheta 61141. 111 55, 4ο

Nippis 1644 Τ. Π 189, 444,1

111444 4411544144 ·

11144 4411444

11141514 (Nar. pasch. 1 296, 4444 Prosp. 1 404, 444
014.5111638,444 1144411101444 Nisibi (411.)
aad. ΙΙ 441 Bal. 111 388 11144544 (nom.) ibid.
1114151414 war. 511 1644444 Nisibi 44141. 11441 11441.
111 339 1151514441 oppidum 11444. 11 100, 544 4. 44

(IIIOGRAPHIGA.

673

1114154444 Proep. 1452, 1444 44141. ΙΙ 441 Bm. 111
333 1114151444 episeopus 11441. A 111 296, 414
111ιί4144 (444.) 141. 11 214, 545,1 1444 pertinens!
11144444 (imula) 6441441.1168,445 11144144 Gener. A
1 103, 444, 44 Nisyra 014. 11. 1 104144, 44
111441444414411 civitas 116411. 1584444
11141411 4411141514
1141464444 v. Noviodunum

11414 014954114514 1144111 20, 44 4441444
14. chr. 11 5034

Nolanus episcopus Dum, 741. 1630,19 Uitr. 452
1 650, 41
1141114144 (= Numidae) 644444. A I 101, 141, 14 114·
madi 644441. 1 168, 144 173, 444 1144144111 01411.
1101,144,14
11411154 644441. 4191444
Numidis 4114411114
1141411 Brut. ΙΙΙ 208, 44. 44. 41
Noricum
Noricus mediterranea 3114153914 N. 64111
’ 594, 4441
Notium ripensis 1911415394 11. 64111594,
444 A
1141141641.) 6444411 1 107, 144, 54 414411. I
107,144, 44
Nori Hyd. 11 22, 44. 44
1141444441 4414111441 14114111 390, (4) 141114 1144·-
muni 111411144141441111 V. 61141. A 111 102,1
1144451145ιί 111 130, mv
1144144144ηηί41144144414441
Novae (11444144) 414114411444 An. 1741. 1 314, 41 316,
44 1144411414 4141144 Marc. 11 93, 444
Novae (41.) civitas 11444 N. 6411. 1 594, 444 Au
Novempopulm 611441 537,4,4 4144144141144444-
populum N. 6411. 1 605

Noviodunum 11414411444444 1141414444 1116411. 15964

Noviomagus (Viromanduorum) 116411. 1 590, 44 4
114514 magno (411.) 44141. IV 441 Bau. 111 345
[114444 11414114 11. 6411. Ι 590, vl 4]
114444441411414 Proup. 1 421, 554 0444. 11 141, 454
14411 111 286, 411
Nuceria 1144. T. 14141444
Nudi sapientes 4.(14411414444514144
(11441541444414 N. 6411. 1 59444414]
Numantia
114144464441541141411 0444. 11 131,414
Numantini (pl.) Proop. 1 402144
Numidia &MA 1102144 644441. 1168,1u 6114.
Ι598,4,4 7144.1’.11202,444,4204,444,4 Pu. 14.
h.11384,11 Numidia 644444. Β I 102, 44 114-
moda 01411. 1 102, 114
Numidae (pi.) Gener. A 1 109,441,4 Numidi
6444411 168144 1144414111 01411. 1 101, 444,
44 109,144,4 Numidiae 0444411101, 144, 44
1444144444144441 Vici. Τ. 11 202, 554,4
es. 1144444144
Nursia 6114. 1 535, 4·
1141414 41111414
Nysa 4444444 11144 644444. A 1 111, 11444 11444444 6144.
1111114444

861

 

