484 144414440444 4444441.

41144144114 (1. 111-161)

Gratianus 11111.11111.1239,111,1 241,111,2 249,
414,4 0111. 1111711239, 454,4 241, 1111 243, 111, 11
131116. 1296111 297,111. 111 17. Vind. A 1291111.
541 Ρ111ρ.1456,1111 4581111 4591111 4601111.
111111111111 461, 1111 1611111117 1111111488,
11111 111ch. 7495 ‹1441'1494140 3111.1522,11

INDEX H.

11151111 11 469, 214 Ρ1.Ι1.1111·. 11 501,454 Bria.
111166 44 Nona. int 11116811111111111 169,1
811114111298,111.111299,111.111 211111 ΙΠ
238111 11111.11 acl Bed. 111 940 Loa 251111. m
412 41·ae Hil. 111 417, 21. 24 valentianus Britt. 111
1681111 1951 ·

52911 645 11011116011 111111 1711162911. Tffmmgws 1 (a. 319-395)

14. 14. 11 11 0111. 611 1644, 445 647 , 111. 111. 111
Otr. 462 1646,1.1.1.1.1 odet IV od Vnt. Aq.
l 755, 414 Hyd. 11 14, 1. 1.1 11111. 11 60, 111,1 61,
111, 1 621111 01111. 11 1521111 153, 11111111
1111. 1111 11. 1111. A 11 469111 11. 1111. Β 11 469111
11111111. 11 501, 111 Brito. 11116611 1681. 11. 11
Nonn. int 111 16611 168,1.11. 11 3111. A 111298.
444. 111. 451. 454 299, 454. 451. 444 414, 541 8111. Β ΠΙ
298111 11116.11 od 8111.111339111940 Lat.
1111111. 111412 111 161. 11141111 Lao. 1111. 111
42211 Lot. Mol. 111 43611 Lon Al. [11 449, 11

tisanam.- 5411911111 Monimo Maximus 06111.
011111.1245,111,1 Ρ. Vind. A 1244‚501
298111 Β1115. 1 295111 Hoon. 1298
Ρ111ρ.1461,111151“1 4621111511. 1111
1111171111 1404221495 811111522,
11 D444.Voi.1629,14 0144. 4441
6461. 1. 1. 11. 11 648, 11. 11 0111611
1 647,111649,111 Hya 11 16, 11. 14.

Ι ubis 11111. Π 611111 62,111,1.
111, 1. 1 111111. A Π 470, 454 11111111
11111.111.11491,1111111.11189,1
Britt. 111 16611 16811111. 14 110, 14
Ν1111ι.1“111.Π1166,111 1111111219,
111. 444 661111 111 Bod. 111 339 Lot.
11111.ΙΙΙ422,11 Maximinus Nonn.
int. 111 166, 14 Maximianus Brtn.
111 166, 11 168111 Nonn. int. 111
166, 11 168, 11. 14. 41 IMagnua ot
Maximus sito. Ι 52211 (1111111116
Honorio 1141111111)

Victor (Maximi filius) 01111. 011111. 1245,
1111 11111111. 1298 Prosp. 1 461,
1111 462, 1111 8611.1522,11 Hya.
11 1511111111. 11 62111, 1 Britt.
111 168, 11 169,1 1111111111111168,
1ο 169,4 181711. 1 52811 (erroro
1115 Honorio 1111111111)

1111111111 11 (1.111-111)

Valentinianus iunior 01111. 0111111. 1241, 11111 242,
415‚4 245,111,1 0111.6111647,111 Hya. 11 14,1
1511 1311111111. 1142211 061111111111161 νέος
0111. pann. 1242, 111,1 Valentinianus novus
Borb. 1296101 Valentinianos 0511111111. 1241,
1111 444441444114 Pron). 14691111 460,
1111 462, 1144 4691111111 1161117 111 Pron).
1492,1,1 1111117495 8111152211 1111117111.
1629,11.1ο.11[11.11 011462164611. 14 648,-11611.
14 6501111 611. 611 1647, 111. 514 649,111.111
651111 111111.1162,111,1.111,1 61111111 0111.
11 1531111. 1111 1541111 11. 1111. A 11 469, 451. 454

Theodosius Magnus Maro. 11 60 praef. 1110 61, 440

621111. 1111 641111 921111 96111 Ρ1. 11.
161. 11 501111. 111 81111 1119151111 Theo-
dosius maior 11111111 11 469, 112111 1111111111
111 43611 Theodosius 61111.61111.1141,111,1. --
1111. 1111 244111, 1. 111, 1. 441,1 444,141,1 0111.
possin 1243111, 4. 414 2441111 245111. 441. 444,
1.4 1111111.141111,111 298, 111. 111. 111 Baro.
1 297,111 Proop. 1 460, 1111. 1111 461, 1111. 1111
4621111 463, 1111111111. 1144 468, 1111 (6) odd.
11111Ρ111ρ.1488,1111 1311174921111118. V
494 proi. 496 quinquies odd. VI 4981111111 bis.
111111 Silo. 16291111 Dona Vot. 1 629, 11. 11. 11
041.4441441 646,1.1.11.1ι 648, 11. 14 660, 44. 41

011.6111647,111.111 649111 651, 111111 Vin.
Aq. 1 680,1 odoi. IV od Vin. Aq. 1 765, 445 Hya.
Π 13 11111111 14 praef. o. 14 14,1.1.1(11.6).1

15,11.11.11.11.11.11(11) 1611111111 17, 44
27, 111 11111. 11 60, 4141 61, 111, 1. 111, 1. 111, 1.
111, 1. 1. 445 61111, 11. 141, 1. 111, 1. 444,1.4. 444, 4. '
441,4 63, 441 o. 4. 444 64,111,1 65,111,1 691111
01111. 11 1531111. 1141. 1144. 1144 1541111. 1151. 1144.
1111 11. 1111111272,1.1.1.1.111 27411 275,11
Ρ1. 11. 11. 11 4844 11. 1111. A 11 469, 111 444111.
111. 114 11.161.Β 11476111 Ρ1.]1.151.Π 501,
111. 111 Bn'tt. 111 168, 1. 44 1951111 Nonn int. 111
168,1 169,1 Bod. 1111111111 298111 299111.
111111 300111 31118111 299111 11111111αά
Bed. 111339 340 bio Lot. Bed. 111 852,111.111
11111711οά. 11141211 141. 111 417,11. 11 Lat.
11111. 111 42211 44040110144144. 111 454, 11 (5)
8116111111 ib. 449,11 45214 Theudosius Com.
011111. 1 2451111. 4441 246, 445 Η16.1116,11(6)
Tsodosius Pa. Ιι. 5. 11 3821 Β13.Β 111 298, 211
domus Theodosiana Doni. Vol. 1629 41.
forum Theodosianum 11116111111611111111
inimi. VIII
Galla (uxor Theodosii altera) 5411111162, 116, 2.
1111
Planidia (filia Theodosii) oid. Constantius 111

tyranni: Enganius Oona 011111. 1 245,111,1.1
11’.161117.1412981111111 Pronnl
mmmmfflmmss
od Ρ11111.1488,1111 1117117 444
prol. 111711. VI 498, 441 8711152911
Don. 7111629111 0111. 4621
650, 11. 44. 41 0111. 611 1 651, 111. 111
11117.1115,1116,11 More. Π 62,
111,163,111,164,111,1.1 0444.ss
154, 11111111 11. 441. A 11 440‚144
*Diogenes 044. poenit 1 245, 1112

 

