11111131 VIII.

11011111311101. 679

1111 1511111 155,1111 1511111 11. 1111. 11 295,1 (Roma)

11111111 1111119111 01111511 16311111 ninus
Chr. Al. 1 112, 111, 11 Hrenus 1111. IV 111 3111.

III 345

Rhinocolura Rinooorura Gener. Β 195,11. 11 Gener.
AI 106,111.111 11111111. 1 166,111 161,111 168,
111 Rinoooruris (111.) Gener. A 1 9111 100, 111
106,111 Bed. A III 254,11 1111111111111 311114
11125111 111111111111111 111111111111 100,
111 101, 111 106,111.111.111 Rinoooryris (abl.)
Gener.A l 95,11 101111

Rhodanus (flumen) 051. 511 1 664,111 1111. 11217,
1111 Ι111111111111111011111.Δ I 112,111,11 1111111111
011141. 1 112, 111, 11 Ham. 1338,1 11111. 1119,
11 (5) 5111623313) Η1111111111111111.1111181“111.
1613,⁴

Rhodopa silv. 154111

Rhodus (insula) Gener. A I 99,11,1 109,111,1 Chr.
pasch. 1221111 Proep. 1 388,11 400,111 411111
051. 511 1 631111 Rhodon (11111111. 1 168,111
11111111 011. Al. 1 99,11,1 109,111,1 Aeneae. 1 169,
111 61101. 111111 1111116111.5111640,111
Rodia (1111111. 1 169,111 os. (1111111111 (prope 0111111111)

1111111511111111111111611 01111411
94111 Rodi 6111111.1169,111

colossus 011. pasch. 1 221111 011. 511 1 637,111
1111111111 1111011. II 3711

6191111911 (Alpium maritimmm) civitas Rigomagen·
sium 11111111111 11111. 560 11111

1611111111111. 11. Rhinocolura

Ι111111111.Ι111111111

Riphei montes 61111111. 11 319,11 monte 1111111( “ )
111111.. 11 321, 11

Rithergabail Briu. III 181, 11 Rethenegabnil Nenn.
mmmm

111111 fluvius (= Phasis) 011111. 111111, 111, 11 ezr.
11111111111

Roboth 0111111. 1 11111

11151111 (alm) Geneal. I 171111

11111111 111115 (11111111 Moab) Geneal. 1 181, 111

1111111111. Τ111111111

1111111111 11. 1111111111

1111151111 1. 1111111161

Rod- 1115111-

111111. Rhodus

111111111111111111111

1111111 01011111. 1 1,11 8,11 10,11. 11 011.354Ι
4012,11143,1.1141,11.11.11 1111111 11111
01111. 1 124111 (1111111181111 181111 196,
111 01111111. 1211111 211111 2111111 211,
111,1 211111 22111 22111 221111221111229,
111 232,111,1 2311111111 2311111 231111239,
1111511. 1111 241111 Com. 01111. 111111 229,
111 231, 111. 111 2311111 231, 111,1 239,111,1 241,
1111 1111112111281111 11111111.ΑΙ216,11
281111 291111 298,111 301111 301111 301111
511111 F. 1111111 281111 301111 301111. 111
331111 8119. 1 299, 111 301111 331111 331111
Ηαυη.1299,111 303,111 331111 3311111111
Η11111.1111.Ι309,111,1 5911130365 333,11335,
11511 33111111 1411111306 32111 32111

ennom III.

32111 Ρνοερ. 1 391111 391111 395,111 391, 111.
111 399,111.111 401111 401111111 403,111.111
401111 401111 412,111.111 411111 4111111111
41111151. 111 411111 411111. 111 421111 421111
421111 4211111111 421111 431111 431111 433,
111 431111 435,111 436,111.111.111.111 431, 111
431111 431111. 111 441111. 111 441, 111 441111
4411111111 441111 441111. 111 441, 111. 111. 111.
111 441111 450,1111 4511111 4511111 4611111.
1111 46111111). 1111. 1111 4611111 4111111 484,
1111, 11 1111111 111 3111148111 49111 111111
491 492,1,1 11131495 3111. 1 521, 11. 11 521,
11 535,1 545111. 011. 111 1 631111 6311111111
631, 111 691111. 111 639,111.111.1ι1.111 641111
6411111111 1541111111 641111 651111 661111
663, 111. 111. 111111 661111. 111 Chr. 411 1 65111.
11 65111111 111111 ad 1711111. 1 738,11. 11
11111. 11151111 151111 1 1111111111111111,
11111511). 11ΧΙ (111112, 111115) 11111. 11 15,11.
11 (1.5) 11, 11 21, 11 21111 26,111(1.5) 21,111111.
111 28,111 32,111.111 31111 11111.1162,111,1
61111 v. 1. 11 69,111,1 10,111, 1 11111 86,111,1. 1
89, 111, 1. 111, 1 90, 111, 1 91 111, 1. 111, 1. 1111511
1111. Maro. 11 104, 111, 1. 1111 105,111,1.11. 111,
1. 1. 111, 1 511. 1.1 106, 111, 1. 1 101111, 1. 111, 1. 111,
1.1 108,111,1.151”1 Cau. 11 122,11 131111 131,
memmmfflmmmmmm
111 145,111.111.111 146, 111. 111 141, 111. 111 148,
111. 110 150, 1111. 1111 152, 1111 1511111 151, 1111
1511111111. 1111 1611111 161, 1111111 1111. T. 11
181111. 111,1 181, 111, 1, 111. 111,1 188,111,1 192,
111. 1111 Mar. 11231111, 1 236, 111, 1. 1 11. 1111.
11 261,11 213,11(1).11(5) 21111 211111). 11
2111 283,1(1) 2911 298,1. 11 111111. 11 318,
11 611111. 1131111111 61111111134011350,
1135111 11101. 113111 31111511 313, 11 Ρ1.
111. 1131111111 380,11er.1 3811138111
3831 1111111111.11385,11 11.111..411443,111 446,
111b 450,111 451111Ιι 451111 455,111 451111
461, 111· 462,111.111 463,111·. 111 461, 111 411111
411, 411b 11. 111. 1311443, 11. 111 451111 Ρι. 11.
111. 11 499,111.111 501, 111. 111ὴ add. IV ad 11.
1111.11503,151’1.15ι“1504,1 (11111. ΠΙ 30,1 33,1.
11611 68,1.1 111111.111111,11101,11 V.
11111.1111111)1,11 111111. 111 16111 16111 110,
1191111 1111.1111.111164,11 16111 BeAA
111261111511 261111 261,111212,111 211111 215,
111 281111. 111. 111. 111 281111. 111. 111. 111. 111 285,
111111 286,111111 281,111.111.111 288,111.111
mmmmmmmmwfflmffi
111. 111. 111 291111 298,111 291111 301111. 111
301111 301111 301111 301111 311,111312,111
313,111. 111 311,111.111 311111 321111 11111. Β
111 286,111 283,111 290,111 3051111 309,111
add] cul Bed. 111 335‚111 111111331ὸί1 340
111.1111111419,1 420,1.11422,11423,1.1.1.11.
11. 11. 11. 11. 11 111 Al. 111 449, 11. 11. 11111111
511 Rome (9011. 11111111.) Amal. 1191111 F.
1111112111 F. 111141281111 3011111

81

 

