INDEX 11.

(333133133333)

Gir. 511 1 657, 333 659, 333 661, 333. 333 663333. 333
664334 11331114 praes. 313 90, 3334 91, 33
96, 343(31) 97, 333. 333. 133 quinquies. 334 98, 333 bia
39, 333 Marc. 11 76, 434, 3. 3 78, 4333 79433333.
4333 85 3. 33 863333. 433,3.3 0333. 11 155, 3333.
3333. 3333 156, 3333. 3343 1511333. 3333. 3333 Vici. 1.
11185, 433 434 186, 433133 181433 197, 3333 13.
Mea 111113 998, 3. 3 (3). 343 (i). 33 999, 3(3. b) 13.
cir. A 11313333 Βή11.111209,143 Beana 111303,
433 304433 305, 433 311311 33119331.111334,433.
433 Lat. 1133331. 111419 133111144933433 033-
immac Lai. At. 111 449, 34 *Valens Hal. 111

IMPERATORES ROMANI. 487

(ORIENTALES)

334,ι31331.1313333,333 315, 331 Mamaea,
333 Lai. 11331 111 858, 344. 343 1131. 1114113333
*131133311149143 Lan Μ31.ΠΙ431,4 133311. Ι
111 44933. 33 45133 454, 33 (3) Martianus 113333.
196813 F. 11331.111301,334 3331311331 Beda
111 334, 433. 433. 433 bis Margianna Ρ3. 13. 13. 11
384, 33. 13
Pnichon'a (uxor Mamiani, soror Theodosii 11)
add. II 31 Prnep. 1 490, 3, 33 11331. 1196343
97,133 1133311 66, 3333 71,434,1 834333
853. 33 331311 331 Beni. 111 3944331313 Pul-
3133113 add. ΙΙ 331 Proap. 1 489, 13 (3. ὁ)

41133
1133313113 (uxor Valentiniani, iilia Theodosii 11)
Ayn. 1 301 [iiia. 1 593, 33 0133.1111661,333
Maro. 11 75, 433,3 76, 4333 79, 433. 4333 86,
4333111 *1533133333 F. 11331. Β 1 304, 334
Honoria (soror Valentiniani) vid. Constantina 111

PETRONIVS MAXIMVS (3. 455)

Petronius Maximus 3113111 ad Proap. 1 490, 3, 33
add. 111431 Maximus minda 1303, 333 Hm.
1303, 433,3 904, 433,3 Proop. 1 484, 3333, 3. 33
3111131 Proep. 119133 0133511 1663333
11431. 1111333 Mare. 11 8613333 Cau. Π 157,
3333. 3334 11311. 1118643333

Palladius (fiiiua Maximi) Hya. 11 27,131

AVITVS (3. ana-456)

inpartina Avitus 33131111 ad Prosp- 1491 Avitus
F. VinciA 1 304, 333 111331.111304,333 Η333.
1304, 433, a. 4333133 33131. 11 331 Proaep. 1490, 3, ao
33131. Ι V 499, 3, aa 0133311 1 663, 333 664, 333.
333 Hya„ 11 97, 333 18, 333. 333. 333. 333 (a). 333 (3. b)
99,133 30, 333 0333.11157,1334.3333 1131. Τ. 11
183433. 433 Mar. 11191333. 4331 13. 13134. 11
979, 3ο. 33 3113113331 1131111334433333333

MAIORIANVS (3 457-461) LEO 1 (3. 457-474)

Iulius Maiorianus 333131. 111 ad Prnnp.1 491 Maio· Leo 313133113333.1268,11 305, 4313 307, 4133
31333333 03333. 033331.1247,411 F. 771333141305, 331. 1131.Τ.11188,414,3 13313311 11479333 Ia. 3133311
333. 333 add. IV 331 Proup. 1 499, 3, 3. aa 493, 14 ι 11173343 1931. Β 111305333 133.1131.111437,3
013313 1 6643333313. 333 Hya 11 80, 133 31, 131 4 Λεων peyne 131311, 111 449,31 Leo senior
(a. 5). 333 iio 39, 333. 313 1113331187, 433,3 88, 433,3 11333.1191,434,3 033311 1583333 1333143731.
0333.11157,ι333.3333,3334 7133.1.11186,433,3187, 1314, 33113 1331314113 33131117 ad Proaep.
4333 Mar. 11 139, 433, 3. 433, 3. 433 1313133. 11 997, 1491, 3, 3. 3113. aa 0133. 3111664333333 31111
33. 33 33131. 1331 0331.111334,433 iio 1111111417, 33 4 3311133143. 1736333 Η331.1180,333 39, 331 34,
13113331111423,3 Maioranua Oiar. 0331. 11 222, i 133133 35141 36 Μ333.1187,431,1.133 88161
433. 433 4 89, 4333 90, 433 0333.11157,3333 158, 3333 3331.

i 3333 11331. 11 186, 133, 3. 3. 433 181433 188433.

SEVERVS 111 (⁰- 461-465) 4 133. 433,ι 1313133. 11 981,4.3 Ρ3. 13. 1. 11 384, 33

Livius Severus 33131. ΙΙΙ 331 1133131491 Severus Ρ3.13.3133.11501,3338341111305433433 331411
com. 033333. 1 947, 431. 4333 Ρ.19331.341305,’ 31111331. 111 334, 434 1331131. 11135133. 343 1111.

333333 Ρ. (lamp. 1 305, 333 745, 433 add. IV 331 4 1Π416,3 417, 33. 33. 3334 Lai 13333. 111 4133 Lai.

13333149933113 493, 3, 34. 33 0133311 1664, ·
333344 1131113133 93331 1133311 88, 4333 4
89, 4333 0333. 11 157, 3334 158, 3333 Vana Τ. 11
1814333 Mar. 11 939133 Hit. 111 4163 417, 33
133.1333.111419,3 ’ n

3333333133 313. 63

At. 111 449, 33 459, 33 454, 33 (1)
Ariagne (anonis 5113)3. Zeno
Patricius (033333) Vici. T. 1118333331 Pa·-
tn'ciolua Maro. 11 90, 433

 

