674 08008423104.

Occidens 14141313 Prccp.1497,1m 0111. 4691
64611 011. 611 1661141111 Mare. 11 73,111,1
6311119041 111111219111 11.111·11.11297,1
6131117 334,1339,1ι 31414 61711171 339,14
34211 34411 3681111 36611 363,111.111 Bul
A 111 294111 301111 add. ΙΙ ad 3111. ΠΙ 336
338 occidam 111116.Ι291,111

0111611111 imperium Protp. 1 4701111 Marc.
11 63,111,1 011111 155,1111 regnum Oc·
cidcntnlc Marc. 11 76, 414,1 Occidentalis 114
publica Marc. 11 79, 414 86, 414,1 Bac A 111
304, 491 occidentales antistites Vici. Τ. 11
1961111
041181111111 (111611.) 011161 1 662,111 (1811.
Π 33911 3141. A 111 301, 111
Ochitlicnt 110111 0111111111
Ocriculum c. Utriculo
Octodurus Octcdoro N. 0111. 1 599,1
Odeum Odyscuc 11111. Il 98,114,1
Oghgul 111111 Bac. III 178,1ο
01111ρί11111 v. Olympia
Olisipo Olisiponc 111111. 11 30211 Oliceponc 16.
301,ae 01115111157311111.) Eliciponic 1111.
11. Π 382,1 Ulixippcnn Hyd. 11 30,14136,146
Ologicus 1111111 11. 6111112931 civitas 0111111
Ρ1. 11. h. 11 38616
Olympia Olympiacuc agon 11411114 11 43817 Bed-
A 111 260,11 certamen Olimpiacum 0141. 611 I
636111 Olympicne 1111116 1111114 11 267,14

INDEX 7711. ’

1111111 20,11 22,111.111 26141111 30, 114
Marc. 11 74, 4111 92, 111. 1 103111 4411111111.
11011111 106,111,1.111,1 107,111,1.1114,1.
1411. 141,4 (lm. 11 1631111 1551111 1571111
1611114 VM. 11190,114194,114196,111 Iole.
11 2141111 216,111,1 216,111,1611.411,1 219 v. 11
111111. 11 26811 29111 Septi. L. 11 32111
31111131 32111 0. 17111. 11 337,1 339, 14 360,
11 363, 111111 364111 0. Byae. 11 33911 111111.
11 3761 11411. A 11 466,114·.111·478,111479,
1141 31411 17127611 261111 2941111111 296,
114 293411 admi cd 11111. 111 336611 337611
1149. 1711111. 111 459, 11 4111111111 01111111. 1 235,
111, 1 236, 111, 11
Orientali· Procp. 1 4791111 Marc. 11 66,111,1
34,411,1 101111 Vm. T. 11 190, 411 197111
0. 1711113641 311131304411 Orion-
11111 imperium 11141. II 1141 Ρνοιρ. 1 48911111)
Dm.Val.1630‚⁴ 01414691 64611 Marc.
11 60 111 0111. 11611111 11114111
42211 423,14 Orientali: 111 publicu 11111. Π
60,111,1 0111111141 parton Proap. 14661141
4791111 cimolia& μέρη 01111111. 7237,
1111
0111111111(11511.) 31111484, 1171 11111 29,
111 7111. Τ. 1111161111 0. 11311. 11 339, 11
111111. A 11476111 1111111 111 Bai. 111
339 1141111111 423‚1

Olympus (mons Macedonico) omA 1111,111,11 01101113Ᾰῶ4- Π 38811

Olympius 0111. Al. l 111, 111, 11

Iupiter Olympius 111141 111 278111

0111111111 Liuan Bac. III 21411111 111111 ib. 21411
stagnum Livcnc 111 130, cxxi

Ophlnio (161.) 0111. 611 1643461

[Oricum 0111111 N. (1111. 1 668, c]
01111161 1111.11216,111,11)ί· bis Oroapidc 11. list.

ΙΙ 23711111 (a)

cmm (oppidum 111111..) 01114111 (pt.) (11.11.

1 100,ae

Opici (= 0111) 01111114 197,11,11 Oppici 0111. Al. 0³⁰³* Μ· ΜΨ· ῙῙ 1051 51813

1 97,11,11
01111111 1111111101111111 1111111
Orc 111111 Bria. 111 148,1

01111573 0111111 Pa. 116. 11 382,1
Occi 1. Opici
0441111111. 0111114

oreades 111111 Aac. 1 642,11,1 7. 61111 ΠΙ 10911 &Vim 0⁸⁰¹¹b¹¹¹80¹¹⁸i⁸ (4191ο 045ῦῦ7904) Ν. Gall. I

131114 1171641 16411 17611111 1711111111111

596, 6

141,4111,1114,.111,14 1... crac„ 1111.. 01111111 civitas 4611115811 cs·0¹i=mi
omn 11111 Nemini 111 111111 1411111 0111116113111111 1114111 Osdroenae (cm-l

1112184 0186111111 Noun. 1111. 111 148,11
Orcc 0411111. I 166111

0. ch. 11 346 v. 11 1111611111 silv. 1 641,1,1
Hocrocni (pl.) 0411111 140, 741

om 111111 114141111111

*0111111131νὶ11) 41411111111111 Orcum 011111610111ο1111573(1.141.) Excnovc Ρ1.11.11.

1111111111· Fatum, 111141· potius 1711111111

11 3821

Oretum 014111573(01414)41111 111111 3821 Ostia 1111111 14411 (111-6111636141 04411. 11

oric 111111 11 382,1 11111674 (Gallie.)

Oribc (9111.) Ρ1.11.11. 11 387,11

Oriens 01011111 7,11 9,11. 11 11,1 01111141 166,
111 172111 Um. 011111. 1 236, 1111 2361114

12611 31114 111 263111 296111 Hostia Prosp.
Ι lm: Petri 11 Pauli 1111111111 1111111111 Bcd.
A 111 296, 411

243,111,1244,111247,111.111 3119. 1306141 Omnino 6111111111 011111. 1 127,111
4411.711.1316,41 49111321 33319 Ησυ11.Ι ostrogothi [11111111 269,11) 11. mn. 11 283, 114 (a).

31611 3111144211 4111141111 11111

αάΡνοῳ.Ι487, 411 111.ΙΙ489,1(1).11(1) silv.

4(6) 11111141 114761111 Ostrogotthi 0111. aaa.
11 222411

1 52011 521,41 5411111 617, 11 11111171111629. 01411111 Horetum 11111. 11 3826
1. 11. 1111. 1111 011.6111642,411644,111647, 01111111 V. 617111 1119211 omniomi
111 649111 651, 111. 111. 111 663141 661111 663, 0111116311 11111141) 0111111673(0111) 0111111

111 6146116461 64611 662, 11 66311 662111

1³2. 11. 11. Π 3821 1114111 1638514

 

