INDEX 11.

1911111111 (1.411-111)

Anastasius Ham. I 268,10 Ρ. 0111111. 1 318, 640
746411 411117. 1322,11.14324,14 F. deAE
1336111 11117111111ρ.1492,1,11 onon
1 666111 666191 11111 11 111141. 1 ’756 491
Hya. 11 36 Marc. 11 94, 411, 1. 491, 1. 494, 1, 491.
411,1.1 95, 419,1. 1. 1161 96191 91,191,1.199.111
9111111 961114 111. 1.11.1.11.11911·1.111,1
bis 99, 114, s. 111,1.111,1.1 111 100, 111. 111, 1.1
106111 0111. 11 1561111 Vnt Τ. 11 191, 411
192,191, 1.1. 491, 1. 411. 111 193, 419. 191 194, 194 111.
199. 199 195, 119. 111. 1111111114. 111 196, 111, 1. 111, 1.
111,1 196119 11. 11111. 11 282, 11.11(1) 283,1 (1)
11. 111. A 11476111 Is. 1111. Β 11474111 Ρ1.
Ι1. 1111. 11 501, 919 add. 1444 11. 1111. 11 502
Β111111906111.1119111191901,111 aas]
11 811. 111 386191 111. 811. 111 352, 119. 141
111. 1111111 423,14 1111111111 4311 111. 44.
ΠΙ 449, 11 452, 19 4141111) *8991199191 Ρ1. 11. 11.
11 384, 11
Hypatius (nepos 4911911111) An. 7111 324,14
111111196111 99, 111, 11 106111 141 1111Τ.
Π 195, 411 196119 Mar. 11236111
Pompeius (nepos 1491119911) An. Vas. 1 82414
11111.1198,111,1(1)103,11111”1 11111. 11
196119 1111823619
Probus (nepos 1499111911) An. Vas. 1 324, 74
1111111106111

tyranni Athenodorus 14 Longinus 111. ind. VII

1118881108Εὸ 80111111.

1111191181111119161191) Mors. 11

91 ,411,1 71111111664111

Verius (soror 8111111411,111191

Zenonis) 111111 Π 91, 411 ι

11191111111192,491,198,.411 499,1
Vnst. Τ. 11190491191,411,1

Leontius ’.11111 1192,,,,4341984111
17111.Τ.11196411191,,4191

49119991719111991 11111. II 98, 114, 1. 1 99, 114, 1.
111,1. s. 4. 111, 1 101, 119, 9 (1.1). 119
Via. Τ. 11 194119 195, 111. 114 196,
111 197,111,1

1119911919 1 (a. 111-111)

1916911991111991. 1269, 11 26611. 11 270, 44 887,1.1
11. 111111.Β,1 836910 89119. 1 885,191 8111. 1
33619 33691 111. 1711 Voss. 111. 1756111
1111. 1136111 11111. 11 101,111 102,111.111 104111

14111.11111.11104,114105,191,1 11111. 11 168,
411,1 1961111. 1191 197,111,1.111.111 1961111. 9.
191 199,119201,144,1202,141,1.149,1.119,1 1061111
204111 205, 1. 114. (111. 111). 1111. 111. 1111 206,
(1.111).111,1.1.1 111 111. 11211,111,ι Mar. 11
286111. 1111 2361111 11. 11111. Π 283, 11. 14 285,
111 286, 11. 11 29619 3061 11. 111. A 11 476191
475, 191. 199 476, 411 11. 1111. B 11476114 111.
111111.1141.Π493,4 11111502 11111111.
II 501, 994 119. 991 811. Δ ΙΠ 8061111111 315,
1111111 8118 1111106119 111. 1111811111
384,111.111 Las 811. ΠΙ 3521119111 8111111.
ΠΙ 487,10 Lai. 41. 111 449, 11 4521191911
456110) *Iustinus 411111. [12961461 *Busi-

nus Ps. 11. 11. 11 88611
1910911991 191119 Horo. 11 106111 81114

111 301, 119
lastiniam civitas 1111. Τ. Π 202,141,1

Τ1119119η(1911191191 uxor) 4911 133411 Vsa. 41
8196111119 1964111461 200, 141 1. 11. 14

202, 149,1 206, 111,1
111ςὶ119611 (1996911111 99191) Vnst. Τ. 11 296, 1161

tyranni: Hypatius 9. Anastasius
19919919 01161111 111111. VII

nsnnvs 1 (1, 119-111)

Iustinus maior 111911. 1 269,11 270, 41 11. 111114
11416114 111.111111.1111.11498,4 Ρ1. 11.
1141. Π501,194111119. 19911991 senior 34414111
806119 lustinus 11111111161111 32611 bic.
9191 F. 111111316111111111 1111711
111111. 1 756111 11911136 Marc. 11 961119

rvsnmvs 11 (9. 565-578)
Iustinus minor 111111 1 269, 11 8911. 1385, 90 11. 11111.

101,119,1 (11). 1. 1 102, 911 Vnae. Τ ss 196, 119, 1.
111.119,1.1.111,1. 111 196111111111 11. chr. 8
11476111 111. 1111 11. cir. 11502 811. Α
111 307, 111111 811. 8 111 306111 111 811.
111 352, 149119 111. 11114. 11142611 111. 1111.
1114369 Las Al. 111 4461145211 45411 (1)
* festinus 1111. Vol. 1 82611

Euphemis (9191191991), qnae prius 119ρί1191 sp-

pollsta 1111 Τ. 11 1961111

Π 286,11287,1 111111. A 11416491 11. 111118
11476111 81111111. 11 501, 411 111. 11711
111111. 11 502 8111 111 308111 1111111 111
806111 1916999199191171111. 11 206149 1911.
11 211,161,1.1 ’1199111191 νέος 814 141111 454,
14(6) 19111991Π8911.1336, 9491 19169918191.
1336191 81111.1337,1 1111711 111111.

1758 posi 11 1611.Ὶῖ 11 2061161511 1911.Π211, ·

(1. 111). 111, 1. 111,1 212, 11. 119119111111. 119, 9.
63*

 

