656

(13063413164.

04414441 541.) 04114441 11441. 11 22, 44 33444
04114141 014. Al. 1 103, 44411· 0411441 Gener.
A 1103444 (14114441 11441. 11 22, 444 24, 444
30, 444 31, 444 (e) 33444 33444 0411141 14.
1144. 11 300, 44 302, 44

Gellia 014. AI. Ι 111, 444, 44 014. 334 1148, 4444
01444441. I 235, 4434 1144444.1298 293401 3111,
444 3034434 305, 444,4 303, 444,4 Proep. 1406,
444 423444 435, 444 456, 4444 4634444 4634444 463,

mmmmmffimfflwfflmx

61

lv. 1 522, 44 541, 44 N. (1411. Ι 600 014. 4111

638, 444 644, 444 11441. 11 16, 44 em. 11 133444
153, 4444 155, 4444 151, 4444 141. 11 211, esee 213
444 Mar. 11 233444 233444 236, 444,4 141144.

II

2134 2634 (1) 266, 44 2834 2834 235, 44

Scyth.B.11318,ee leehnA II 463144 4414111
4411441411 4934 V. 01141. A III 96, 42 V. 01141.

B

111 1034 34414111 1634 34414 ΠΙ 282, 444

281, 444 263, 444 233444 44141.11413441.111 336114
338 1444111441. III 42342 42344 qen. 041114 0.
111414Π 34314 34344 350, 44 Galatia 14. 4144. A

II

463, 444· ef. 041144041114, Gallaecia
041114 (= 0414444141) sp. 04113134 31344114

, Ρ4. 14. 1. 11 386, 44

Gellia 3413144 01141. 111 28, 41 (141114 11414144
4414448114.1531,4,4 (141114 Belgica 4444444414
11. 531, 4,4

(141114 bracata Pe. Ie. 14. 11 383, 44 (141114 11444-
44414 11. 3134 3834514 384, 41114 (141114
1444444414 (qen.) 15. 3834

Gallie 4144141444 silv. 1536,e

(1441114 44444414“44114 Pe. 1414. II 384, 41

0441114 Narbonensis 141 11 213,e7e,2 211, 4434
218,eee,e 014. Oea. 11 223, 444 0111444. 11
35344 356, 44 0. 344. 11 35344

Gallia 4644444414 8444444144 (141114 Sile. I 538, 44

' Gellia togate Pe. Ie. 1. 11 384, 44

Gellia ulterior 014. 452 1 660, 444. 444
Galliae (441444.) 04. 044441. I 8, 14 134 Gom. 044441

INDEX VIII.

44 280,44(4.1). 44. 44 263444 28344 26344
2934 2934 131414. II 885,14 Imm
11 413, 444· 464, 444· 410, 444 411, 444. 444 add.
11444114. chr. 11 4934 01141. ΠΙ 3321 V.
011414 111 10344 344141Π 16344 34414
111 233444 231,444233,444300,444 4414111
«cmm 336114 340 344.144.111464,4
0411444 4414111441 3441111331 41441441

4411041114 04444. 044444. 1 236, 4434 236, 4444 .

245, esee 3.104441.41304,444 2444441413,
444 445, 444 014. 4421 654, 44 1143 11 15,
444. 44 2344 25, 444 34, 444 ¹

0411444 Hyd. II 27, 414 33, 444

Gelli (pl.) Or. 044444. 1 1, 44 Gener. A 1 91, 44,
44 38, ee, 44 101, 44344 014. Al. 1 36, 44, 44
10344344 11444. Ι 333444 333444 400, 444
404, 444 6114.1522,44 014. 141 1 631, 444
Bycen 30, 414 0444.Π125,444 Manum,
eee,e 14.1144.11213,44 644131131344
0. ffiep. Π 363404 44(). Pe. 141. Π 38311
414113 441141414111 38304) 42 3930414.
(1) 44 34114, 111 1534 161, 44 3441. A 111 214,
444 263444 04111 014.,41.131,44,44 11411444
chr. 444414. I 216, 4434

(14111 (-·-·- 0441144411) Pensm 406, 441
Gelli Narbonenses Gener.A 1113144 14111 qui
4111441444ᾱί40 oter. At. I 110, 421

04111 Senones Prone. 1 393114 nee p. ΧΙ
(pm. 4) 4444. A 111 444, 444

Gallice 4444441444 4444111 aa 8114. 1 613 in (141-
1144 11. 6134

444444 (1411144444 V. 01141. Β ΙΠ107,4 34114. ΠΙ
181, 44

· Gallicanus (4411.) 414441 4834414 Dee». Vel.

16234 1143112344 23444 33444 141144.
11303440) 34414 111303444 Gallienum
4444154144 (pl.) N. 0411. 1 584 praef. 4. 4 41 4. 4

Gallicis, 04111114 44. (1411444144

1231, 444,ι 2434444 01444441. 1 231, 444 238, Gallici 321942οῑ

4444444 241, aem 114444. Ι 302, 444 304, 4434

0444444· 40464114

44444 4. rma. 4 4 304, 444 44. vam 931070611854544

322⁶, prmum, mm, mmm 0444444144044444.411101,444,44 ,141112134444
456, 11⁰1 mum 451, ,m 455, 1²³⁰. lm 435, 343 A 11125344 3444444461 exteriores 014441.

4444 410, 4444 411, 4444 412, me 4134444 416,

1 101, 444, 44 Terentii exteriores 11. 101, 444, 44

4444 4634444 add. ΙΙ aeneae. 1490,e,1e. 931311· Gades
44444 444. 4414444 444. ν 444, 4444 GergnniGener.A197,ee,e 44444. 4 43444

8114153131154312 N. 04111 5844444411 (1111134 9811101112· G⁸d0⁸
444 1144441741. 1 623, 4. 44. 1ο. 24. 14 6334 Gerizim mene (lemen 1633144 mone (144141 Bae.

’ 0144141 643444 643, 444 644, 444 653, 444 A 111213444 213444

651, 444 014. 41216434 652, 44 654, 44. 44. 44 0444444411αυί44 (1444444444 0. 111444. 11 363444
65344 656, 44. 444 600, 444. 444 662, 444. 444 Hyd. 04444444, 04444414414114444444, 1444444414

11 15, 44 18, 44 13, 44 (a) 26, 444141). 444. 444 0444144444· 04414441 044144.Α 1 104, 444 Gener. B 1
21, 444 23, 444. 444 33444114 31, 44444. 444 32, 444. 104, 44 Caesoni 0444441.1165,44 0440411 014.
444 33444 1444444441,4444.444,444,441, ,41110344

4434 41444.114444.0106,444,4 0444411123, Gaudes (14444414 Africae) (1444411444 Gener-A 1103,
ee 131, 444 133, 444 143, 444 152, 4444 156, 4444 4434 Gaulos 04444411 163444 044414 014. Al.
114, 4444 155, 4444 156, 4444 160, 4444 71411. 11034444

11183444 Mer. 11 232, 4434 238, 444 14. 1141. 0444441444 (14444414 prope 04414444) 1414144104441444 rhedae

Π215, 44. 44( ). 44(4) 216, 4444 211,44(1) 216,

Gener. A 1 103, 414, 44 (1444144414 0144. 411. 1 103,

 

