INDEX VH.

1513 (13534, pater 8311331, regin Samariae) 1131431. A
1 134, 143 Numi 011131. 1 198114

1513131 (111. Coro) 033331. 1 186, 413 1511113 Gener.
11138113

15131531 (111. 1513131311, 3413314134) 3414341 121,
313 amal. l 188131 1981431411 Proep. Ι 391, 111
31. 141 1134, 'ss 34131141 aem-A 113137
15131531 0334311 Ι 120,114 cs. 1513, 51 Sam.

1511411(0541111113444) 011131. 1 198117 1514141113 15.
191, 133 1533413131 Gener. A 1 128111 1541313 Chr.
,411 128311

Abigea (Abiqaie, 1111313133, soror David) (133331.1
mmmwb Ι

151333 (1519471831311131141) (1331471. Ι 118333

1111113333. 11, 3. ind. VI p. 555

1451114411 (fil. 141433) 15113331 01341.11105,133
15113311 Olor. AL 1108133 1513131331 (133111.Β
1 105, 73 6111131. 1 168131 170,114

1513131331 (1311 Ρ1111311331343) oud. 111 884

1511331331 (111. (1341333111, iudex) 0111. 111 118141
aeneae. 1138111 (1111.5111633,11 14. 311411
ll 437, 31 Is. chr. Β 11 43811 Β441 A 111 259,17.
13 Lat. Bed. III 350, 3133 15133133 831131.ΔΙ
118137 Gener. Β 1 118133 Pmp. 1 389, 77 Rea,
Β 111 25813

1511331315 (fil. 1311135, 33131 1513111111 (1133311
188131 191, 141 15133133 Gener. A 1 121, 313 1151-
133133115. 135, 337 1111313133 (1111331. 1 189, 313

1513131331 (pontifex) Prosp. 1338111 017. 511 1634,

¹ 113 14. 31344 11443113 13. chr. B 11 440, 73
Bed. B 111 263, 31

1511331331 cs. 15131131

1511(51. Bon) Bn'u. 111 1683 15311 Nem. 1141. 111
149,17 171,17

1511411111. 1133133) 63443411. I 118131

157411 Gemi. 1 131, 141

Abiu 3. Abia rex

151341 (11113133) 011111. A 1 136, 333 514 (13113441. 1
186, 411. 4311

151341 (fil. Zombabel) (1314131. 1 185, 413. 433 15131
OmenA 1 132111, 11514 151115 01341331 132,
11813 151311 15. 132, 137, 31 [44113313 Iosedech

1511111 cs. 1513 rex

15135333 v. 15133333

15331 Gener. A 1 128113

Abraham 04144. A 1 108111. 173 113111. 111, 113 115,
343 130, 331. 137 131, 31111 051111112131 113,
1141. 311. 343. 143. 111 511. 311 414141.Ι 341 0511541
15834 0313311178134 171,141 172, 313111. 317.
313. 311 173111 17811155 Proep. 1 33554144. 386,
31. 11. 13. 3ο. 31 387, 31. 37 408133. 314 4781347. 1311
4441411341 Proep. 14881117 4111111497 051517
163231. 13 63313 635141 638171 338111 th.
Aq. 1 681, 11. 34 34141.Ι ad 1114. Aq. 1 73811. 33
334311315111113 33734141. 71134113.
kin.1137ssPs.11.11.11378,212.011r.13 114151
514 43831 432,3ι [1451134383 43814
41411131 14.1111.Π491,1513492 (m 111 2814
883 Bria. 111 1451.3(3).1(3) 146 v. 31 Nem.
1111111983 3414 111 2481 2484514 255,17

NOMINA HOMINVM.

563

51133 256, 3343 257, 41 Β341. Β 111 2484 2481
514 2581143· 25841 3114117311 Β141.111345513
131344. 111 349, 3413 1513133 (yon. 311 dat.)
Ohr. 411 108141 118114 3414114111 051. 3541
151, 11. 31 Gema& 1 1781113. 111. 111 51131433.
333187, 437 Proep. 138817 add. Vad Proap.1
497 051511163814 63343 63873 1511431
68814111411113313 61111111 34811 151313
(9311. 3314131.) (1311331.1118333 188431 am
4141 Ρνοῳ. 1497 0. 11111111 34843 Pe. 11. 11. 11
3183 Β341. A 11115841 1135135331 Gener. Al
113133111341133171141441343373
Ρ4.11.3111.11498,3151“1 37141111 65,1 1513111
145 3.3(5). 1(5) 1135135341 (qen.) 8114331. 1 173,
133 Ρ1.11.3114·.11498’31514 1513331 (111131.Βί
129, 171171 130,141. 141 131, 11833 1381113
031113 11331311 13813 14815111 F. 51341
Β 1 278, 74514 44414111 ad 14. chr. 11 492 Boot A
11115341 Abram 44451. Ι ad 0111. 354 1 151, 31
Ρτοερ.1408,331

1514151133. 15135143

15331331 v. 1533311133

1511133133 3. Tiberius 1111331133133 1111743. ΙΙ p. 491

1535433331· (1451453111) 0.Β141. 11 33813 Η153533331
15. 33817 1113513331 0. Ηίιρ. 11 33813514 33813

,4531353831 Η141373 1531331131 0. Eup. 11 368111
3611114 368131 368113 1531131131 3331133 1153-
333 15. 368131 11311343 cognomento 1511133131 15.
35871 11333331 ibid.

Abyron (1371331. 1 176, 313

1331133 (33113331333113) Marc. 11 65,133,3

1333131, episc. 03331, 1. ind. 1713561

1333 344441.1191,1171

1141331. 13133

13331311· 11314711 11 413, 333 514. 133· 11413111
306, 313 3181111. 311· 4441411 13Β441 ΠΙ 338113
1111311 Is. chr. A 11 474, 313· 475, 3341337· Iu.
351Β 11478141 475, 313 Bed.A 111 318143
341411 341 11141. 111 338434 - 3333141341 episeopus
3. 4334. 1134341 ,

133113 v. 031113

13535 (qui 314193 1538133 Israhel) 0111. Al. 1 123,
374 aeneam 168144 180, 133 198111. 113. 111·
111141. 111 58315811 13533 (133131 1 134, 343.
143144 1535Β141..4 41113331 264, 114 511 1335
0433131 13811153 11511 Gener. A 1 123, 377
cs. 13333131

Aulum (111.01131111144)13131 omui. l 116, 337

13133113 Gom. 031141. 1 245, 3331

13133 v. 13115 et 11133

13111 v. 11133
11531831 vulqo 11131, rex 131341) (134431.Βί 132,

117, 41 0411331. 1 198113 Prosp. 1393111131 Ia.
ehr.A Π 448141 Iu. 151.Β11443,37 Bed. A 111
2611111113 Βσά. Β 111 268113 131. Bed. 111 350,
1411 1511413331.1180,431.433 3141341434
11311113 133315. 132, 333, 41 0135111635,
144. 147 Achae ocum 1 128133. 331 135, 313. 111
051. Al. 1 128373. 333 131113 Gener. Β l 128137

- cs. Achab

 

