658

1111. 111111 14111.17111.17104,111.111,1.111,1
105,111,1 106,111,1.111,1.1111. 111, 1. 111 107,111,1
108,111, 1. 111, 1 01111. 17 147,111 143111 1531111.
memmfflmmmffim
1111 7531111111 161,1111111 711171 11 2031111
1171. 11 212,111.111,1. 1111 2131111111 213111,
111· 111. 111,1 2111111 218,111,1.1. 111, 1111 220
v. 11 1711. 11 232,111,1.111111 233111. 1. 111 234,
111 233111 236,111,1.111,1. 111. 111 Ι1. 1111. Π
267,11 268,1.1(11.1). 11 269,1. 11. 11. 11. 11. 11 270,
1. 11. 11 271, 11. 11. 11 27311. 11 (1). 11 (α). 11 (1)
273,ι1(1). 11. 11 (1) 274,1(1). 1(α). 1 (1). 11. 11 (α)
275, 11. 11 276, 1. 1. 1 277,11. 11 (11. 1). 11 (11. 1) 281,
11. 11. 11 282,1(1).11 2831 284,1(1).1111.11 285,1
2831. 11 287,11 289,11.11.11 2931 2931. 11. 11
294,11 301, 1. 1. 11 302,11. 10(1) 3031. 11. 11 11717. Ι
11411.1117.11304,1.1.11 031171333113331
352 71171111. 11 340,11.11.11.11.11.111119.111 341,
11111. 11 mq. 3431111119. 34311. 111119. 34311.
1111911511. 111119. 350, 11. 11119. 351, 111119. 352,
1111119. 1111111. 354, 11 11311711 ad 71. 1111. 11
376 317171 11378111 379,1 38311111 3831
quinquies. 10 neptia 38411111. 1111111111 3831111
111111. 11. 11 38311111 387,11. 11 7115114 11 463,
111111 463111. 111· 463111 471,111.111 473111
473111 477, 111. 111. 111. 111 473111 11. 111. Β 11
463111 263111 477,111 add. ΙΙ 11771. 111. 11
4931 11173.Ι7503,1111.1505,1 311111116311
161,11 311. A 7712931111 298,111111.111 303111.
111 302, 111 303111. 111 308, 111. 111. 111 309, 111
1117.1114 3117. ΙΙΙ 334, 111. 111 333111 add. Π
337 339 31171111. 11142311 319.711.111464,1.1
01111711. 11 233111 238, 111111 (1311. 11 337, 11
Ep. 01. 1137311111 37311 Ρ1.Ι1.5.ΙΙ 381,1
3821911111 31611 114.7771171.11·1111376
aad. IV 505,1 111111111469 (Par.) (11111
Homul 299, 401401 Gotthi 051.0011. 11 222,
111111. 111. 111. 111111. 111111. 111. 111. 111. 111. 111
2231111111. 111,1.111.111.111111 add. IX 117 Ie.
111117 389, (α)1 390, (1)1 3117. Β 77] 303111
Gothi reges It. 5417. ΙΙ 29310 tempora (30111 ΕΡ.
01. ΙΙ 37Ι,1 campi Gotti 15414.
. (1111111411 711132311111 7111111311 71.
5111. 02711111)
0101131111. ΙΙ 319,11 311113. 1131111
(11111 Ep. 01. 11 374,11
Gothicus 01611117. Ι 11,1 An. Val. 132211
Proep.1 4831111 Sam 52¹‚11 HyAfl 23,
111 31, 111. 111 33111 11511117 270, 10( ).
11 (1) 27311711 280, 11 (α). 11 (a) 7115114 11
463110 111.1111.111422,11 Gothia gens
11.711.1316,11326,11 1071.Π2191.1 Ι1.
111111 2831 011411 (adv.) 0111114. Ι 195,
111. 111
Gothiae Alpes 1411111 Cottiae

0111011601. 1 5431 011.1111642,’111 511111Π

GEOGRAPHIOA.

INDEX VIII.

43311 4331143111 0111110111171169, 111191.
111 111111 393111 423111 441, 111 8311. L.
1131111 3131131311 Scyth B. 1131311 0.
77111177 337,1 Ρ1. Ι1. 1. 11 381,11 3114. B 111
25311 3117. A [11272111
Graeci (10511, plur.) (411111. A Ι 108, 101 omas.
1195‚⁶11 3111438311 8171Ι 519,1
051. 511 I 633111 7114141. Ι 717 723511
731733 Hyd. Π 22111 1711177 95,111,1
7111. T. H 193111 711111. ΙΙ 268, 11 Scyth,
31181311 711711. 14043211 43311 442,
111111 443111 453111· 711113 Π 425,1
435, 11 44311 453111 11411.Ι7111711. 151.
Π504,1 31111. 131531 167,11 5711111111
ΠΙ 15311 3117. A ΙΙΙ 273111 273111 321,
111111 0111101111.ΔΙ96,11 97,11,11,11
98,11,1 103111 133111 051.147.Ι96,11
97,11,11 98,11,1 107,111,11 108, 111. 111 124,
110 Genuam 1631109 F. 7111137278,
11 Proep. Ι 393111 453, 111111) 7111. Aq, I
693 703 715 727 733 735 13011111. Ι 746,
111 743111. 111. 111 811117.. ΙΙ 315,11 316,
11 Scyth. B. II 315, 11 7113111. II 354, 11
Ρ1. It. 5. Π 3731 adAJX 1114 11. 1711Π
389, (a) 1. (5)1 390, (5)1 add. ΙΙ ad 71. 111.
Π492111 11171177 504,1 311114 ΙΠ 253,
11 2731111111 273111 293111 294111 295,
111 31113οΙ 275, 111 277, 111 283111 [111
3114. 111 359, 111 (Par.) 3111. 11111. III 42311
(111ςί 0511177. I 113111 01111111 (= 01111111)
1111111. 11142311 - 31111111011111.14 Ι
97,11,11 ’Έλληνες 0511111171 1215, 111 243111

ornem (111517.) [1111111 111414.ΙΧ ad 1111411. ΙΙ
390 poet (5) 11 111414. IV 1117 11151. ΙΙ 5031

- Ἕλ(7ην) 3111147. ΙΙΙ 44311

Graecus (11).) 0111117.1195,111.111 111117 7 ad
Proep.1495 7111141. Ι 677,1 17111113,
11 33111 57111177 6011111111 8311111
72,111,1 711171 11163111 197,111,1 11.
1711. A 1141311 453111 4531112 313. A 111
273111 314111 323111 011111611117.1

193111111 3111139310 403111 424,111
111111 Ρ111ρ.149411117. 495 3114 Β ΙΙΙ
25311 311114 111 300‚⁴1o 31113117. 111
353‚111(Par.) roges 01111 01111114 1 137,
111 seeundum Granum (1111.) 0111117. 1 175,
1111b iu 011111 add. V 1114 3111414110.
(41 Graeco 7711140. Ι677,1 17114. 711321
adv. 0111111 01111117. Ι 111111 Proaep. 1388,
11 449, 1111 71151. All 453111 3117. A 111
263114 (Irene 01111117. Ι 178, 111 Proep.1
459, 1111 Ρ1. Ia. 5. ΙΙ 381,1571 0111111 ommi.
7173111· 3114 A 7112431
grecanieum 051. 354 Ι 147,11

011111111111701 01111111111111 011111..41 113111

0111111111111 051. AI. I 113111

641111 92,111,1 0111. 11 143111 3171215, 0111111.141(>11,7111(111
1731 [1541102636 811733. ΙΙ 31311 11. Granicus flumen 3111111271111
151.Δ 11 43311 43311 434, 419 4331110111· Gratianopolis 1711111 θηῐίιιιοροΙΙιιιηι N. 01174. Ι 600,

433111 443111 463111 473111· 11. 1711. B 11

1111

 

