666

GEOGRAPHICA.

111 281111 286111 286114111111 284111111285, Karthago 1. 0111111141
111 6111.ΒΠΙ968,111 986111 1411111411. ΠΙ496, 1111111111. (14111111

11 427,1 428, 11 429, 14
Iudaei (pl, 11811) Gener. A 11061111. 1111 oar.

1141141111 111.111111.1141111,11 om. haban (1111111611
011111.Ι921,11 6111.1111114.Ι991,11 1111111 11810011 01641Ῑ1111199
26611 1411.7711.132611111’1.1111·1 1111111387, 1181014011· 01111- Ῑ 61011
11389,11391,111394,111396114111396111399, 1440141604 11011- Ῑ 390191 Iae. 4114 Π 435417

, 111141 406111 406111 416111 1311115161
547,11 0111. 3111636111. 111 637,111.111.111. 111,
mmmmmmmffimwwfflm
111. 111 636111. 111. 111 640,111.111.111 1111141.
168614 adel. Ι 111 111111. 1 737,11 738, 11. 11
04411. Π 146111 1111111. Π 231,14 add IX aa
1111111. Π 389, (1111 111111. AII 434, 11 446111
446111466111 451111 456111 466111 466111
451111 438,111467,14111·1 466141 476111480,

1111111111 11111. Β ΠΙ 957,11 Bai. A 111 96611
Lacedaemoniun (11111.)Ρ11φ. I 396141
1111111111οηὶ1 (pl.) 8111. 15461 Is. 1141. Δ II
436111 11111, A 111 277,11’1 11111111οηί1
Scyth. 1111317, 11611 31611 11111 111 262,
11 Bm 111 265,111 1111111111111.)
811116 ΙΙ 31611

Lacedaemona Lacedaemonas (1111011111 122,
11 haoodemones 81111111.Π317,11318,11

411 11. 111. Β Π 446111 486111 01111. ΠΙ 67, Lacones Owuss 1031194 11001111 011· ΑΗ 1⁰⁸·

11 8614 3611 3111. A ΠΙ 266141 210, 141 211,

171

111 276111 276111 211, 111. 111111 218, 111. 114 Imm (Me Laetam) [441014 N· (1411· Ι 60614

236111 281, 114 286111 236111. 111 286111. 111

civitas 141111116111 ibid.

286111 236141 32l,11111.11 6141111Π 276111 1411 111111001111111 Hy& 11 351153
310, 210 111141 adBed. 111335,Μο 11111611338 lamecu (1101111 1111111191) ΙΔωοοοΙ 574 (Gallu.) Pa.

114 111. Mal. 11141111 42611. 41. 41111 428,11

11. 1. 11 3861

42611. 11. 41 43611. 11111. 11. 11. 11 431, 11 43611 lampadusa 1. Lopadusa
-11111161111.11189,1 127,111 136111 0111. 11111111116111.1336,111 141113361411111 1111.

Al. I 106, 111, 1. 111,1 107,111,1 121111 0111. 914
1140,1.1.1.1.11.14 omaz.1163,1³ 132,411
186411 1⁷. 1611144 1283,111 284111 111111
286111 Proep. 138611 3861411 391, 111 393,
111 396111 399,111.111.’111.114 396141 406141.
111.111401,1111ι·1.111402,111 406111. 111 406111 ’
40611111 401114 406111 409,111111410,111.
111111 416411 412, 411 413, 411 414, 411411 419,
141 421, 111. 111. 111 426111 424, 111111. 111. 111
426111 11111111. 11 33611 34611 366111 Ρε.
1111 Π 3861 3861 38611 381, 11 1111111 111
11. 14111. 11 389, (1)1 Ρ1. 11. 111. 1149614. 14111
111. 1111111111 501411 13111. A 111 24611 266141
210, 111 114 276111 216111. 111 216, 111. 111. 111. 111
mmmmmmmwmffimmm
282111 284,111 286111 286111 11117, Β III 272,
111

Iudaeus (111111.) Maro. 11 76, 4111 11111. A III
276111 ludens 6111406111

Iudaeus (adj.) An. 711. Ι 39614 111111111ΠΙ
49611 1131143111 8111. Ι 59611 (111111
19611 genu 1111111 Ρνοῳ. Ι 396111 401, 114
415, 411 3111. A 111 26611 281, 111 Iudae·
regio 11111 Mat. III 4961 ludos 11111 11.

mquam Η111.1338,1.1.111“1.1339,14.11 aaa
1111111111.1498,111499,411 141111236111111.
111, 1. 114 236114 1114.ΙΧ 111 11. 1111Π 390, (α)1
11. 1141. A ΙΙ 476, 401⁰. 411 477, 4114Ι 11.1111.Β Π
476111 1111.111111.111.Π491,111 adm
5061 11.14.111.11101,111 111114 ΠΙ 308,
111. 111 311, 111. 111111 316111 add 1 141 Bul. 111
336111 Langobardi 811119. Ι 335, 111 Ηαυη.Ι
33641611 39611 339,111111111.11 Hm. 111.
1331 1111111111 Proep. 1496111 11111Η36
1. 11111 1111. 11 216111 216111, 1111 2161111
2161111 2161111341 217,114,4. 1161 2161111
1411411 11111.11’1111390,(1)1 1311117111 11.
1111.Π504,1111 111111.1Π160,11(11 16611 1111111.
11111Π 16411 1111111111ᾱί 1111111 111 11. 1111. II
4961

hanun Hilduti (11111111) V. 0541. A ΙΙΙ 9611
Laodicea Laodicia 1111111 961161 BeAA 111

976 , 111 996111 Laodicia (9111.) Β111. Β 111
996111· Laudicia 1111111396111 1111111194,
4941441ᾱί1111111111111111 Protp. 1 457,1119 11111. A
111 296441 6111111111 opine. 1111111968, 11
Ρ11111.Ι449,111 446111 1111οω111111 opine.

0111. 111 1 646111
[4101111111 (11., 111111.) 11141. A 111 996111
[144111 111111 N. (1111. 1 5961111)
1111413111 1. Lopadusa
11111111 (111111101611111. 11 99, 4111
1111111111 111111111111.

428, 11

Iudaicus (adj.) 111111 496111 434141 4561111
4661111 0111111 1646111 (11111.111 661
Β11141Π968,141 986111 captivitatis 11131111
11111. Β ΙΠ 976111

Iudou 111111Β1111ΠΙ908,11 41511111111111(1’.1.’11141“- mium Hm01337ststm)

111111 apud Iudeu’ Η. Ζ.) ib. 90611
Iuthungi 1111.4111658,111 1111Π 99, 11
Iuvavum 1111111 N. (1111. Ι 594, 1qu

1161111111) 011111. A 19614 97, 11, 11 98, 11,1
107,111,11 0111119611 97, 11, 11. 11 96111
0119641 1461 Gemi. 1 169,101·· b Pronp⁸

 

