INDEX VIII.

Al. Ι 112111 114,111.111 11211166. 111 116,
111. 111 117, 111611 112111. 111. 111 119,111.111
120,111 126111 122111 122111 Gener. A I
114,111 712111 121,111 011117. Ι 170,111
0711. 6111 63211 Vm. 11768211. 11 add.
1 ad Vm. Aq.1 737,11 add. 11 740,11 Bria.
17716111 13161 ΙΠ 25211611 2521111
13117716. ΠΙ 34211 Lat. 61117. ΙΠ 42611

Israhelitae (pl.) 1661 ad 011. 364 1 15211
1111138211 11. 161114 1143216 viri
7111616111 1661 116 Chr. 364 Ι 15211

11111011111(1ψ’.) 0146. ΠΙ 326 1111610611
31111Β16 A III 26611 323‚wo 1111601611
plebs 76. 322111

lanarii 1. Isauri

11711 flumen (= Danuvius) 11111 1111111111 Gener. A Ι
112, 111, 11 Istrus 01r.A1.1111, 11111 7171111111
11. 6111. II 270,6 apud Strium 11111111 11468,
671 cs. Danuvius

11711 1111161176 (1111611161 Ponto) Η7111111Β16. A
III 267,111

11711111. 11117111 (rofio Jllyr.) Histria Proep. 1466,

¹ 1111 061.6111644,711 ἐν Ἴστρῳ τῇ νήσῳ (ι’. 1.

Flanona, 11111171 Istriae) 061. pasch-I 238, 9111
Histri (pl.) 01111. A I 97,11,11 1767115361
111111 111. At. 1111111

711771 Or. 011111. Ι 7,11.1ο 8,1.11. 11. 11 10,11 11,1
0111114 I 921111 0711147. 7121111 111111,
11 0711.3611143,1 0711111171. Ι 23111111 237,
11111671 245,111,1 Ham. I 269, [11].11 292111.
1111111611 302111 304,111,1 803,111,1.111,1 337,1
111.1.1111.1671.1338,1.1611339,11 Ηαηηιμ
3021111 337 7111127313, 111 Hmmffla,
1111 F. de. A I 292111 An. Val. 1370 314,
11611 3151111 3161161132211 32411 6119. 1
335‚m 14917332116633611111 prosp]
441111 4521111 4621111 4661111 471, 1111 473,
1111481,11114821111,1.1 8771. I 52211 5351111
54211 1111117117. Ι 62211111 07116111 642,
111 644111 649,111651,111 662111 6661111111
0711.1621648,11 66211 65211611 652111 660,
111662111 7211149. Ι 727 16617 1167111141.
1754611 1116. 1111,1.ι111,1111,11 26111111
22111. 111 30,111 32111 34,111 86111 6711111
61,111,1 621111. 1111 65,111,1 621111 72111.
111 93, 111, 1. 111 32111 Am Mare. 11 1011111
105,111,1 107,111,1611.111,1. 111,1 1021111
011117 12211 132111 1541111 1551111 1521111
1521111 1521111 1621111 mnu 185‚u⁹
192111 2021111 1171. II 214, 1111 2121111
2161111661 217,111,1 218,111,1 011. 0111. 11
222111 222111. 111,1 Mar. 17212111 286111
237, 11111 238, 111. 111. 111, 1. 111 232111 la. 71717.
Π 272, 11. 11 (α). 11 (6) 273, 11(1) 275, 1. 1111611
27211 2821. 1 283,1(1). 1. 11. 11 294, 1 297,11. 11
611616031211 Scyth. B. 11 318,11 7111.
6 Π379,1881,1688,1884,11.11 1117111411
43211 472111 47211111. 111611 477,111· 111711.
Β Π 477,111 16611 ad 11. 111. Π 497,ι 493,
41 166175021115051 Ρ1.11.161.Π490,

GEOGRAPIIIOA.

665

1150211111111 0476.ΙΠ30,11821 13171117
1421 1521 1711117111Π149,11 15211 616.
A III 261,11 282111 232111 292111. 111 302111
306111 308,111.11161·1.111 312111 7116.οΜ
26011 166716 121611133411111161. 111 166.
11336 338 340 1111016. 111 354111· (01177.)
m 11111. ΠΙ 420,1 17117611Π 464,1.1 465,
111 171111 Ρ1. 11. 71. 113711 711771 161117
1611111176021 1711111616 1711111 011611
7663111
7717116166.) 061. 354 Ι 14211·
71177617.)166.1 16117611. 11 30411 Bn'u.
III 161,11 1171177 Pa. 11. 71. 11 3721
1717111067.) 11. 71611. Π 283, 11
Italicus (adj.) I 660 (tit.) 611111Π 621111
Italion (11161Ηί111111111) Proep. I 419‚51³ 422, 611
061. 611 Ι 642172. 160 611111.Π 60,171,1 01111.
71142111 116 Π 216,111,1 Pa. 11. 71. Π 3821
161711Ιό73(011) 1171711111
17171. 11111111
70111111611111011111.14 1111111 Thoai 071117.
199, 6111 ’71111 01111611 170111
171111111711117011111.01104,66 1111 0111117166,
11 6111111ο111011111.ΑΙ 701111 1111177 0711.
1411102111

1111111111 11111111 Vm„ T. ΙΙ 202111

Iuda 0711. AI. I 120,161 01111114 I 126,111 134,
111 0111117. Ι 172111 181111 192, ww 193,
111 1111161121 Ρνοῳ.Ι397,111 408,
111 166. 7116111111494 1711601211 Scyth.
L.11319‚2⁴ Io.ckr.B11425‚a 0776.1Π51,1ο
5411 57,159,11 6161410 264111 262111 272,
111 611111111142111 437,11 91117161 0711. 364
ΙΙ40,6 011117.1187,111 in ludu 01r.A1.1
122111 - 7176117161 01111114 l 821 176,11ο
722111 1321111 0111711 112111 112111 120,
111 0111171182111 162111 191, 111 Pr0ep.1
38211 391, 111 11161 III 25211 26211 - reg·
num 11161111. 16111 Π 440, 76 MR III 262,
11 rognum 111611 1116. Β III 26211 - 71111 Iuda
01111117. 1 182111 1111111 Iuda 16182111 - filii
711611 011111..47121,111 0111117172111 0176.
711611

716111(11111)0111.01111.7221,11 11111111 33211
1311111 392111. 111 400111 0711. 671 1612111.
111 632111. 111. 111. 111. 111. 111 642111 01111. 11

132111 (1111171 335,1 1117111 Π 440,111
442111 442111. 111. 111 445111. 111 442111 454,
111 1117113 II 445,111 452111 0176. ΠΙ 39,

11 70,1 316. A 111 262111 272111 277,111.111
272111 272111 282111 282111. 111 6111717.ΙΠ
43211 43211 711611 0113641721 1421. 11. 11.
11 0711..47.1124,111 727,111.111128,111 Gener.
61132111 0111171 181,111 182111 185111
13116. 1 282111 131111 392111 396111 892111
4021111111 407,111.111.111 406111. 1111 406111,
11 402111 402111 412111111 412111 415111. 111
421111 cummi 1311111495 6110110878,
21 01116.Β.Π618,17 0.Η”11Ρ.Π336,2 Bm
m 262111 262111 270,111,1277,111 276111280,

850

 

