mpnsn'roans 1101111111.

(1111111111111)

(ossismos)

1111111111 (osor nvos 11 ss onnonosws 11 (1.111-111)
nonan) Hom-1³⁰⁰· ⁴¹³ 011· somnone 111111 prosp. 1115 amar. 11111115

4521656111 5111116111 Cone.
611111. 11461111
1111111111. Mognus Maximus 1115 Gratiam
Mnous 3111. Ι 52611
Maximus Prosp. 1 4661111. 1111 Silo. I
52611 Dum. Vol. 163611 0111. 451
165611. 11 More. 11 75,111,1
Iovinus (111111,·111111·1[1111115111) More.
11 75,111,1
Servatus Silo. 1 52611
Victor o. snb Gratiano

conennnnvs 111 (1. 111)

Constantius Hoon. 1306111 14911. 1303511 Proep.
1 4661111. 1111 4661111 468, 1111(1. 5) 469, 1111.
1111. 1111. 1111 add. Vod 111111496ὸί1 01111
52611 6111.1511654,11656,11.11 0111. 5111655,
111111 6561111111 Hya. 11 18,11 161151111.
1111) 2611. 11. 11 11111. 1174,111,1 0111. 11 155,
1111. 1111. 1111 11. 11111 1127611151) 276, io. 11 295,
11111 Bed. A ΙΠ 306111 *constantinus Dom. Vol.
163611111
Galla 11111111 (onor Constantii) 6111111111
303511 ΡΙ1111111 Proaep.1385imor. 4661111
(1.6) 4661111 470, neo. 1111 111611111111111.
Ι489,11(1).11(11)490,1,11 1111111491 111,1
496 511 Silo. 151611 1111117111. 1 6361. 11
6111451 1 65611 65611. 11. 111 666111 0111.
511 1 656111. 111. 111 656111 666111 11111. 11
14 praef. 1. 11 1611 1611161126111126
oe 26111116) 11111. 11 76111 71,111,1 74,
111,1 76, 111,1 761111 0111. 1115611111111.
(1111)11.1111111274,11275,11276,1 61111
ΙΠ 313, 511 Placide 11111111 2061 Boon
[11306111306111 11111511 2111611383,
siis (4131111491. 1303)
Honorius (Placidiee filius) oon. II 155, 1111
Honoria (filie Pisoidino) Proep. 14161111 Maro.
1176111

1511111491 01115111 656111 6561111111 663,
111 11111.1167,111,1.111,1 661161 70,111,ι
511. Ius& 11141611 Θεοδοσιος νέος Lat. AI.
111454, 11 (i) Θεοδωσιος ratos 15. 45611 Thoo-
dosius minor 11. 5111Π297,11 Ρ1. 11. 611383, 11
11. chr. A Π471,111 426111 Ρ1.Ιι.1111·.Π501,
111 611111 111 306111 606111 11111. B 111 300,
111 306111 Hit. 1114161111 111. 1111. 111 4361
enodemus μικρος Lot. Al. 111 449, 11 Theo-
dosius F. 111111116111111 F. 1611611 1301,
111 Ρ111ρ.1465,1111 4761111. nee 471, 1111 474,
1111 4161111 4161111 48611111 481, 1111 add„
II 111 Proep. 111611 489,1(1). noaz). 11 (6).
11 (5) 116114961111 odd. V 4961111 491,
1111 8111152611 11111.211.1830,1.1 0111452
165611 6561111 666111 0111.5111659,111
666111. 111 11111111 1611. Aq. 1 756111 11111
111611 261111 2611 26111 26111 26111
More. 11 71,111,1 76111, 1. 1. 111,1 761111 77,
111,1 78, 111, 1. 1 76111. 111,1. 111111 86111, 1.1,
111, 1 81,111,1. 111,1. 11 89, 111,1. 1 111,1. 111,
11 0111. 11 155, 1111. nonnos 1561111. 1111 157,
1111 · Vici T. 11 186111 185, 111,1 Is. 111. Β 11 472,
111 Ρ1. 111111. ΙΙ 501, 111 Bai. A 1116116111 303,
111111 11111111 11111. 111 336111 111111111111
356111. 111 1111111111. 111 412 511 Las. 11. 111
449, wiso. 11 Theudosius 1111411 od Proep. Ι 483,
1(1).11(1) Τ111111111111 Hya. 11 21,11(8) Theo
dosianus Gir. 511 Ι 656111
Theodoeisnus iiber 0111. 452 Ι 666111 0111.
511 1666111
thermas Theudosianas vicl. Consnofinopons
io 5111. VIII
31161111 (neor Theodosii) Eudoeis thive Marc.
11 75, 111,1 Eudoois 11. 80, 111,1 81,111,1
Eudoxio 311614 ΙΙΙ 306111
Eudoxis (11Ιί1 Theodosii) 1. Valentinianus 111
Flseoilln (filie Theodosii) 1111111 76 111,1
11111111 11 Marino, Theodosii sorores, v. An

ondins

IOHANNES (α’ 42Ὴῖ5) Puloheris soror 1. 1111111101

lohannes Proep. 1 470, 1111. 1111. 1111. 1111 471, 1111511
6111152611 011.1511658,11.11.111 Gir. 5111
656111 11111 11 2611 2611 1111111761161.
111,1 0111. 11 1561111511 111. 1111. ΠΙ 42611

VALENTINIANVS 111 (o. seo-455)
Rlsoidus Valentinianus add. ΙΙΙ 111 Proep. 1491 6111.

1111111111 (1.111-111)
Marcianus Η111.1305,111,1 Proep. 1 481, 1111 485,

Ι 52611 Valentinianus iunior Prosp. 1385 111111.
11111.1174,111,1 76111, 1 11. 11111. 11 2061 111114
III 306111 Valentinianus tertius 511. 1111111
42611 Valentinianus 0111111. Ι 186111 Η1111.1
26611 ΕΠηᾶ.ΒΙ303, 111 14911Ι303511 Proep.
14661111 470,1111.1111.1111 471, 1111 475, 1111
4761111 483, 111,1. 1111 48611111 1561
od Proep. 1 487,111.111 1561149611 add.
111491 1111111111,1,1.1.1,1 1111111111,
1111. nee. 1111 011451165611 656111 666111

1111 111111 od Proep. 1186111111) 4961, 11.
1, 11. 11 odd. 1174961, se. 1,1 0111. 452 1 662, 111.
111 0111511 1666111 664,111.111 1111117111

17111.111.1756,111 11111 1126111 26111 27,
111611. 111. 111. 111 26111111. 11161) 26111 30,
111 More. 11661111 86 111,1 84,111,1 85 o. 11.
11 87,111,1 0111.11157,1111.1111 161111 11185,
111,1. e. 111 186, 111,1 1111. 11 219 o. 11 11. 11111. 11
27611 279, 11. 11 Ie. 1111111476111 Is. 1111. Β
11476111 Ρ1. Is. 1111. 11506111 1111111.1’111. ΙΙΙ

 

