648 onoonssfflos.

INDEX VIII.

Coolesyris Maro. 11 93111 cylisyria 0111111106, (6101010011ῳο111)
111, 11 00010 8111103011.) 0010011 183111 Coelos
Syris 0100311 1106, 111, 11 syriacoele 8110. Ι
541, 31 Syriam 000110 Gener. A 1 103100

00011100 mons V. 0111. A 111 1031
Colchis (torro) Cholois 00111311 1 93131 0010501
Olor. Al. I 913139

Colchi (pi.) 00110314 I 97,11,11 10311311 111,
11410 τ64113141. 1 10310311 113111 000311

00101111 (fem.) Proop. 119311
0011 osr.A1.1 97, 131 01111 00110314 I 93131
Collatia 00011111 1 aad. p. X (00111)
001011, 00101οο 0. Colophon
Colonia Aprippim 00101111 N. 0011. I 595, vm 1
Agrippina Prosp. 1 413111 0101111 Agrippinensium
N. Gall. 1 59311111

Colophon colofon Genor.A 1 1031031 001011 010.
4111031131

colossus 0. Rhodus, 110011

0010111010 Ηο1001110. Herculis 0010101110

0010101 vilis Maro. 11 67,101,1

0005001101 Ps. Is. 1. 11 38311

Commageno Prosp. 1413111 Commagena Gener. A
1 106, 191, 11 Commsgine 0131111643111 0010-
magonis 010. Al. Ι 106, 111, 11

0010000101 1110011. 1 6031

Complutum 0001111010 (nom.) 1578(0001.) copluto
Ps. Is. 1. II 382⁸

Complutsnsis opiscopus Ιο1. 11 3131131
0001010101Ρ1. Is. 3 ΙΙ 88311
0011101111 Bn‘st. III 19314
0000011111 (ltaliae) Prosp. 111310 0001. 11 143111
0001010190 0001051101 Hya. 11 13110. 111 34, 111 Is.
101. 11 101, n 01110111 1111 (aazia.) Ρ.. 0. 1.
113731 3831 38311
00011111 0. collatis
Consorsnnorum civitas N. 0011. 1 6031 0001011111 ibid.

0001110111 (prov. Lugdun. Π, hodio 0011100001) 410011.
1 586, ΙΙ 1 [constance 1411.)

0011110111(00001111101) N. 0011. I 1130110 oivi·
111 0001110000111 ibid.

0011οὲιᾶ1100 (Ass-icae) rex constantinorum Ρ1.Ι1.1.

ΙΙ ,11

Constantinopolis Or. 00001. Ι 1311 1311 010. 3041
44) Com. 00101 1333, 110 233111 339, 111, 1. 1131.
1131. 100 249, 1131. 1131. 1131 341, 1131 343111,
1 3431131. oso, 1. 1131 344, 111, 1. s. 1131. 1131.
111 070. pasch. 1 2331131 234, 1131. 15131. 111
335, 11311111 233111 333111 2331131. 111, 1.
oso 34311311 9431131 343110 3431131 344,
11311 343101 1100312630 3031131 307,
1131 Barb. 1193110 393111 293111 393111
T. Vmci A 1 393111 393101 393111 393111. 111
T. 710118 I 301, 111 An. 10113063130111,
snos 33311 33311 Apo. 1334 33310 33311
Prosp. 1443111 4531011 4531011 4531101. 1101
mmffimfflmmfflmffim
475, oss 48311131 01111 ad Proep. 1489, 0 (0)
add. IV 49331 0317119300. 100 Siloi
540, 31 Chr. 511 1643101 644, 111. 111 663111.

111 663111 0134111 650, os 1101. ΙΙ 131 15,
1111311 3311 23101 33101 3311133111111
30, iss 33111 33111 Maro. 11 61, 111, 1. 1. 1131
631131. 1031 64, 111, 11 631131 66, 111, 1. sos
631031 73101 73111 831131 83111 93110.
1131 93, 111. 1031 931131 931031 931131
931131 10303111) 103111 193111 Auos.
Maro. 11 104, 111, 1. 1131 105, sos, 10. 1131 106,
1131. 111, 1. s 107, 1131 108, 1131 0000. 11 13311
143111 151, 1011 1531013001 1531110. 1111 155,
1110 1531111 1531101 91011. 11184,οτ 185,
1131 1831131 183111. 1131. 1131 183111 191,
111. 111 193, sss 193101 193111 193111 1931131
1931101131 199, sco, 11 293131 2031131.
1131 305, oso Ιο1. 11 3131131 3131131 213,
111, 1. 1131 213111, ι. 1. 1131 Mar. 11 2331131
333110. 131 1310111 2731 2931016) 300, s
0. 31311 3330 3331 34311 35311 0. Eup. 11
3331010 34311 35311 3110311 3731 Ps.
131. Π 38311 38311100 11. chr. A 1116310
467, sss. sss 469,οτ 473110 0111Ι sd 10. chr. 11
4931 0111114930 01111758315034 Po.
10. 01311 503111 3011011631 Neon. 101.
[11163111 Beck A 111 333111 396 (111). 111 397,
mmfflffimfflmfflmmwm
110 31311111 81310111 313111 333111 &AB
ΙΙΙ 293111 393110· 0111100 Bsd. 111 333111
0111111837 889111 odd. III 343111 10111111.
1114131 4231111 4331311 101111. 111 449
0131. obis 9030001110110011010010141 1103 Prosp.
14931, 11 11113. 11 1931031 Constinopolis
Ps. Is. 1. 11 3731 3831 00016001111011111881, 1
urbis Constantinopolitano 0001001101. Ι 3431131
Constantinopolitano 0111113111 II 38311 000-
11101100110111101 0111111 Maro. II 631031 Vist. T.
11193111- urbs 011. poscis I 341, 1131 add. 1⁷1
01 Prosp. 1 4931100101 Maro. 11 61, 1131 63,
111, 1 64, 1031 63111, 1 631031 77, 111, 1 81, 1131
831131 93, 111, 1 94, 111, 1. 1131. 1131 93101, ι
93 111, 1010 101, 11313) 103111 0000. 11 153,
1110 3011111193111 1101.,41Π318,111 eivi-
111 Vico T. 11 193111 urbs regis 0101. VI 001
Prosp. 1193111 Maro· 11 63, 191 713111 831131
931131 102, 110111 103111 4001110311
1031131 103111, 1 Vico T. 11193111 1931131
1931131110 3031131 303, 1131 303, 111, 1. 1131
303111 111. 1131 303 1131 101. 11 211, 1131 313,
1131 2131131. 111, 1 915, 111, 1110 0. 1110011
359, ss 013311 1130 35311 1101111Π313,
111 3131111111 313111 313111 regia civitas Marc.
11 831131 93111 1100111 111 313111 313111
urbs augusta Maro.1161‚ssi‚1 731131 73111. 1. 111.
1131 83, 111, 1. 1 95, 1031 931031. 111 301. Α 111
393111 313111 10011111 0101111 1100311 93111 -
Κωνστανῐινούπολις Ῥώμη Chr. pasch. 13331131
Romo 111011 io. 3831131 nova 110101 013311 336,
11 110101013000011336, 1131 011111. Π386,1

Constantinopolitanus 00111. 00001. 1 341, 1131
Prosp. 14531011 3111113111 Am. 11

 

