0. 011. 44, u. 0. 710
0101110 V 01 Antonino

0. 011. 43, u. 0. 711
Ρ111111) 01 Η111101)
¹) h. 01 p. 1101.

0. 011. 42, 0. 1. 712
110ρί1101) 01 Planco ¹)

1) munatio 01 planco 01 pont 01101ορ1110 01

planco 1101.

0. chr. 41, 110. 713
Antonino Ρ1011101) 01 1111111001)

1) antonino (om. 011.) pietate 01 10. 011. 0011111
antonino 0100111110, chrysaurico 01 111-

tonino Ital. per 90111.

0. 011. 40, u. 0. 714
0111100 11 01 Pollione

0. 011. 39, 11. 0. 711
Censorino) 01 Sabino
¹) ruso censorino 00011

0. 011. 38, 110. 716
Pulchro 01 111000

0. 011. 37, 11. 0. 717
13110011) 01 Gallo)
¹) g. 01101. 1101.
0. 011, 36, u. 0. 718
1101110011 01 1101111)
1) homa cocceio 001111.

a. Chr. 36, 0. 0. 719 ’
Cornificio) 01 1100100101)
¹) 0 01 pompeio magno 001111, pompeio 01
0001110101.

0. 011. 34, 0. 0. 720
Libone 01 1111111001)

¹) antonino ii 01 libone 001111, libone 01 111-

tonino 1101.

0. 011. 33, 0. 0. 721
Augusto 111) 01 Tullo 1)
¹) 0011011110 111011 001111

1) tullio 1101, paulo (11110001ος 01.) 001111

0. 011. 32, 110. 722
1100010101) 01 Soneio
¹) augusto 11 1101.

0. 011. 31, 111. 723
Augusto) 111 01 1100011111)

¹) 0011011110 augusto 001111.
1) 00111110 00011.

a. 011. 30, 11. c. 724
Augusto ¹) 1111 01 Crasso
¹) 0011011110 001111.

0. 011. 29, 111. 726
Augusto ¹) V 01 Apuleio
1)(1011111100 00011.
0. 011. 28, u. 0. 728

Augusto) 111 01 Agrippa II
1) 0011011110 001111

0011011118.

011. 10 (101) 0111. 110.

011. 111 (fase.) 0111. 101.

011. 354 (1011) 00011. 111101.

011. 364 (saut.) 001111 *1101

011. 111 (saa) 01111 *101

011. 111 (sau.) 01101 1110.

011. 364 (1011) 001111. 1101.

01111001.) 001 111.

01110 (101.) 001. 101.

0111. 364 (sant.) Oomt. 1101.

011. 111 (1111.) 0111. 101.

011. 364 (1011.) 001111. 1101.

011. 354 (1011.) 0011101011 724). 11101.

011. 314 (1011.) 001111 Ital. (poet 724)

0111314 (1011.) 0011111101.

011314 (1011.) 001111. 1101.

011. 111 001.) 0101. 101.

 

