INDEX IV.

1 6651110111 61110011. Π 222111 223, 101. 101. 111
11. laist. 1118111 11191711. 11146111 Eurinus
Ρ1.11. 11. Π 38411511

Areaagni (uxor 14111101) An. Vae. Ι 32211

0111111011 (11. 507-511)

(1101101001 11. 11111. 11 282, 11 2831 001110101111109.
1711111 465,10 0010101001 Otr. 611 1666111 6111-
100011 Otr. 0011. 11 223,101.111, 1 0011100111 ib. 223,
110 bis tuticus 1²2. 11. 11. 11 384,11

2111οω1101οΜ, qui 1091111111, 1111.’1110011011001, 51.
9111101οτ101, rex 0111090111, 11111111. VII

A1111111cvs (a. 501-531)

1401111010οε cti. 01111. 11 223,111,1.111.111 1111111.
11 283,11.11.11 1119161. 111 465,11 46611 * nepos
1401111101Ρ1. 11. 11. 11 38111

'l'ntvms (11. 531-548)

’15001111 1111111. 11 283,11 285,1 ’11100111 1119111.
ΠΙ 46010 Thiudis 0111. 01101. Π 223,111 Theodosius
Ρ1. 11. 11. Π 385, 11

’8111000111 (a. 548-549)

1110οὥ10101 11. tiit. 11 284,1(11.11) 285111 1109.
Vis. 111 ⁴166‚21 Thiudiaelus 0111. 01101. Π 223111.
111 8111111001 Ps. 11. 11. 11 381111ὸί1

10111 (a. 549-554)

4911119111-1011) etr. 01111. 11 223, 111. 111 1111111.
11185,11181,11(α.1).11.11 Ρ1.]1.11.11385,11
1119111. 111 46822

411111011011 (11. 554-561)

,415101901011 Otr. 01101. 11 2281111111 11. kiae. 11
286,1(a.b). 11 (1). 1101). 11. 11. 11 819. Vis. 111
46811 11110119ἱί010 11. chr. 1411418111· 41111-
01111101 1011. 11212101. 1011 4110199101 Ρ1. 11. 11.
1138111111

0000101111 (0101445111911111) 1011. 11 212, 56111
215, 1111 218, 1111611

111111 Ι (11. 561-512)

Livva [911. mni) 1111. 11 2121111011 2131111
11. 11111. 11 286, 11 11001111 19111. 0111) 1119181.
111 468111111011110 Ρ111.1.11385,11.11

111011οι1011 (11. 561-586)

1100119111101 11. hiat. II 303,1 Ρ1. Ι1.11.Π 381111
1111198101 101111 212, aa. 110. 111. 111. 111, 1. 1101.
111,1 213, 1111111. 111. 111, 1. 111, 1. 1. 1111 214,
act 111. 111. 111,1. 1111 215, 110111. 111. 111.
1111111. 111, 1. 111, 11 216, aa. 1101111111. 111.
111. 110, 1. 1111. 111, 1. 111 bio. 511,1 211, 1111111.
111. 111, 1. 111, 111611. 111, 1 11011νί911801 (sive
Levvigildus 1101 1100190101) 11111111. 1 269, 11. 11
21011 11111111 28611 28111 28811 30311111
11. 011114 11 411, 101. 101. 101 1101191111οε 011119.

CHROMCA 111.

REGES VISIGO'I'HORVM.

495

1135211 1119. 101. ΠΙ 466, 11 leovigildus 110114
111308, 111 101190160(061.)110111. 1 21011 110011·
Ι91111111 Ρ1. 11. 11. 11 38511. 11 111. 11
0010101111(υο1110011911111) vid. 1119111 11111 1411111110-
911110 ’
11011000091111111 (filius Leovigildi) 1010 Π 213, 111, 1
215111, 11 211, 111, 1. 1111 2181111 1111111.
11 281,11 11011010191111011 aad. 111111 11. chr.
11 502 Boii. B 111 308,111 8111111οἰ91111οε
8111. A 111 308111 309111 81010109111101 Ham.
Ι 26911 8111001911111111 11. 0111. Α 11 411,101
8111101910οε Ρι. 11. 11. 11385,11

8000111011 1 (11.586-601)

800011011οε 8001121011 1011. Π 213,111,1 211,
11. 111. 1011111. 111, 1 218, 1111111111. 11111. 1.
11111. 1611 219, 11110. 1111 υ. 1. 1. toln. 11111. 11.
1101611 220111 01191. Π864,1.1.1 1111111
II 411100 1109. Vn. 8146611 8001101101 11. 11111.
11 288, 11 290, 11 8001111011οε 011119. Π 34010
8101111011οε Ρ1. 11. 11. Π 98511 8101111101 Bed. A
111 309,.110

11111 Π (11. 601-609)

1111111 (9011. mnis) 11. hiet. H 290,11291,1 01191.
1133411611 809. 1111111011 11011111. 11. 11.
1138611611

1111111011 (α. 603-610)

vittericus 11. hiat. 11 291, 10 111110τὶ01111 1119011
291,1 0. 891. 11 334,1 811911001819111. 111
46010 1180110010119111 334,1 1101011001 Ρ1.
1111. Il 38611811

0110111110 (11.610-612)

0000001101 1111111. 11 291,1. 11111 0. 1191. 11 334,1
1119111. ΙΠ 461,11 (1011110011101 Ρ1.11.11. 11 386, 10

8111111111 (a. 612-620)

8110110101 1111111. 11 291,11 2921. 11 295,1 0. 891.
1133111 01109. 11 131111. 11 34011 111111.
1138611 11. chr. ,411425 419111 480111 01111117
1111110111. 11 5001 1119. Via. 111 461, 11 8110110101
01111. 1111111111. 11505,180111101011 1111111 ad
Bed. 111 3311111 sisebutis Ρ1.11.1111. 11 501,111

8100111011 ll (11.620-621)

8000010600 819. 101. 111 461, 11 8001101101 1111111. 11
292,1 8010101011οε 011119. 11 34011 8101101101
Ρ1. 11. 11. 11 386, 11

8111111111 (a. 620-631)

8010111111 (901. 1109111111. 11 292, 10 293, 11 110111.
1114801111111· neq. Vn. 111 46111 suintila
(9111. -11111, 111-1111) 0191. 11331,11 (1111191.
1134011 Ep. 01. 11 313, 11. 11 11111114 11480,
1111) 8011111111 Ρ1.11.11. 11 38011

Rioeimirus (11111111 suinthilani) 11. tiit. 11 293, 11

 

