476

71611 A 1 881166 166666. 1311666 411166166
416, 166116. 6161616666 4101611166 411616 Silo.
158016 646 016611 1636, 666 640, 666. 666. 666
add. 17611166. Aq.1 76016 cun. 11 130666 666.
666. 616 140666 Pa. 1616113816 16. 61664 11
456, 666 16. 616. Β 11466, 666 11616616 11 500, 666.
666 Β61111 111871666 881666. 666 880661 &AB
111881166 161861111351166166 Lus 116611.
11141016 1161. 11141066 66 16616661 11148066

Lot, 1161. 111 436, 66 Lus Al. 111 44016. 46116
45180161)

61616 (6. 66-61)

111666Τί6166 016. 364 1 146, 11 Titus 16. 716 146, 66
06666. A 1 130666 Β666.1888, 166 884, 161. 116
116666. 1416116166. 410166. 166. 166. 666. 666 Silo.
1 68016 016611 1640666666666. 666 6616117
661 116616176066 0666.11139,666.616.616. 611616
Po. 161113816 16. 61611 Π 466, 661. 666 451666
16. 616. Β 11450166166 Po. 16. 616. 11 600, 666.
161 Bou. 1111880666666. 666 Bou. B 11188166
886, 666 161168. 111 361, 616161 161. 7716661.
111410161616 Hit. 111 416, 66. 66 Doulou. 111

480, 66 Lot. 1161. 11143066 Lot. Al. 111 448, 61
461, 66 464, 6116)

Titianae 1116616166 vid. Roms in iud. VIII

6616611116 (o 61-66)

Domiusnus 066666 Ρ. 011666. Ι 7401 Domitianus
016. 364 1 ’11166 14011 066661. 1 196, 661 116
0666.066611888,66 F. 7616181886,1661666ρ.

- 1410666 411661. 666. 666. 666. 666 418, 666666.
666. 666. 666. 666 419, 166. 666 8116. 1 58016 547, 66
016. 611 1640666. 616 odd. Ι 76117161 Aq. 1 753, 66
0666. 11 130111. 616 666 140, 666 16. 616. A
11 451111 11. 611611 11 451111 Ρ6. 11. chr.
11 600166 8661. A 111 886, 661 880666 16111661.
111 3111111111 Lai. 1766611. 111 41011 Eu. 111

416, 16 Lat. 16161. III 48011 Lus. 11111. 111 435,10.
61. 11 161. AI. III 45111 Dometisnus 1166161 884,
114 Δομητιανος Lus. At. 111 44011 Δομετιανος

16.454,11(66)1)61616161166 Pe. 16. 16. 11 3816 Bed. B
III 885, 161 - Flavius uilo. 161016

(Domitia) uxor Domitisui Augusta appollon
Prosp. 1111666

1666161111 Antonius 18176. 1 520,11

16661 (a. 66-66)

‹ 11661607163541741 14011 1666161419, 116. 646.

6168116.1680,ι6 645 016. 6111640661 odd. 17
66716616.1753,66 066611140661116 1616.
1. 11 8816 16. 616. A 11 461666 16. 616 Β
Π457, 166 Ρ6.16. 616. 11 500666 11661. A 111 886, 661
86613111 886, 661 166. 368111361, 616. 666 Lot.
81663. 111 41016 utum 41016 16111661.111480,16

. 448, 66

Iussusuouus nouum.

lunum

TRAIANVS (6. iis—111)

Divus uiuisnns 141166. 11 6061111 Trsisnus Au-
gustus 1646, ss 'I'ssisuus Ulpius suo. 161016
Γ1661611166 016. 364 1 7116. 66 7016 14016 om.
A 1 130666 &mail 19066661. 666 (116. paxu
1880166 11716081885,161.461761.1384,61
1166666. 1 411616 419, 616611616666 480, 666. sss
661116 481, 666666 488, 661161 Silo. 1611 166
016611 1640, 616. 616. 611 616. 666. 666. 666 (166 461
166066 6616111661 716116176066 0666.
11 140, 666 666. 116. 666. 616 141, 666. 666616 Pa. 11.
16118816 116161 1145066616· 166161
11450116 Po. 1661611500661 Bounimon
666. 616. 616 Β66111111886,166 1606101361116
611 166. 11666111141016 181111141066 1611661.
111 48061 166 11161. 111 485, 61 nou 11. 111 448, 66
451, 66 4616106) - of. Theodericus, 01οὼ6166161
1661661711

squs 76616116, thermus iiuisnss, 66611166
Ulpia viu 116616161617111

1116111116 (Anu-1311)

Aelius Hadrianus Prosp. 1 4811616 01666. 11 140166
Aelius Adrianus 161. loo. 11148011 Helius Adri-
snus Po. Is. 11. 11 8816 Hadrianus Aelius
8116. 1 68016 11611116 odd. II od 16. 616.
114916 Hadrianus Proop. 1 488, 661. 666. 666
666661666. 666 480666. 661 484, 661 485, 666 066.
11 141, 666. 666. 666661666. 666 148, 666. 661. 666 11.
616. Β 11 460116 0661. A 111 886, 616 111111 41011
Adrianus Gir. 364 1 74,11 14013 (Ar. poscis.
1880166. 166 884, 666 Silo. 1 646 0166111640666.
661. 666 6616117 661 7161616. 1753, 666 16. 6161
11458166 Ρ6.16. 6561150010 3661111881166
161 Bou. 111 861, 111. 116 Lus. 116611 11141016
161.1161.111486,66 166111. 111 440 66 45116
454,16(6)01611161611116 06666641 130661

Ainus pons oid. Romu in ind. VIII

6166 1166616116 (6.166-161)

Aulius Antoninus 161. AI. ΠΙ 44016 454, mo)
118166 Arsames 16. 451, 16 Titus Antoninus
cognomento Pius 1111111106 'litus Antonius
sogn. Pius 0116. 611 1 640, 666 Antoninus sogn.
Pius Bou. A III 887, 616 Antoninus Pius cur. 354
1 7166 14061 0116. 66661188116 Proto.
1480666 480666 8116168066 6116117661 Vos.
Aq. 1750166 0666.Π148,166 148, 666 1116.
Is. Π 3816 16. 616. A II 400111 Ρ6. 16. 616.
Π 500, 666 161,1661.111480,66 Lot. 1161. 11116066
Antonius Pius Gener. A I 180186 8611. Β ifl
881166 Antoninus 016. 364 Ι 7416 16616.
1485, 666 481616 016. 611 1 641, 666 ouon
141664 11. 65611 II 450166 16111 ΠΙ 881111
16111611. III 351166116 Lus 106611Π41811

1116666 (a. 161-180)

11666116 Aurelius Antoninus 16. 611664 11184 Ι u,
Aur. An......s 1111. 7716617. nisius 1161661
Aurelius 8116. 158011 M. Aurelius Prosp. 143101

 

